mbtIn = [[0.5099664306297047,0.75498199746249628],
[0.13158520359273781,0.32077581711122127],
[0.49430320646324183,0.31294420502798981],
[0.11128978541586218,0.302796495939552],
[0.38368415476763018,0.24748697009174619],
[0.63054161964440436,0.50711288720601733],
[0.47200872473542033,0.55127517218991229],
[0.74802805600706346,0.610018390371242],
[0.47106373176241106,0.60954589388473723],
[0.49958674317468882,0.48532523746854994],
[0.48055515284950029,0.49007094801209455],
[0.5986860183848407,0.53962058561717052],
[0.48937308206441216,0.5440295502246264],
[0.20787367015509706,0.34862337610975458],
[0.39518365124668714,0.30152866070089213],
[0.23970702262527055,0.31744533693597887],
[0.54409180158700654,0.39189941210613854],
[0.9049351022964649,0.72451345194173578],
[0.44372689814283967,0.67433100021965231],
[0.580366911604856,0.51204690487384785],
[0.48196858180300511,0.53116774670393052],
[0.9161044663226775,0.69903652406284134],
[0.46646290543273783,0.69128368587770761],
[0.44946659244569376,0.45796474893921579],
[0.47616950450524087,0.46281804847546731],
[0.36455146009372652,0.4203604822994837],
[0.51775002999727948,0.441150745045503],
[0.56870833853657288,0.54322918426692612],
[0.47859124209167853,0.52364979031412573],
[0.22006187634915733,0.34932655922041794],
[0.49852009269770309,0.35929098452343022],
[0.9891637751481831,0.74384193392294307],
[0.45996977034513964,0.72456677274666137],
[0.80759072117261521,0.63378024575887748],
[0.517244047331586,0.66241738425210062],
[0.23396564711275439,0.37560484722217019],
[0.51323253390516455,0.37359909050895945],
[0.13540900254036095,0.32432076822276273],
[0.54032405646617343,0.33786652950326718],
[0.78666009802728343,0.66349207724672843],
[0.41319897081802986,0.59992953442265662],
[0.070154976903392174,0.24167697386071102],
[0.442539071637556,0.25634702427047407],
[0.41033276222120113,0.42643591692937854],
[0.556310923989724,0.48332184310546256],
[0.670998968166453,0.61365494607808846],
[0.48839121115161227,0.5796950896590326],
[0.014425458060089722,0.251408334605851],
[0.525872593314493,0.27014902568729138],
[0.51132707804037913,0.51859983567743606],
[0.46276298330326926,0.4870450306718242],
[0.57429122376208941,0.51852710353267928],
[0.51980729693946814,0.54704926035077883],
[0.5820820859171284,0.55094469142829827],
[0.52857761334639786,0.55532984963176313],
[0.60572599948870443,0.56715180641755114],
[0.48618264634862673,0.54595432291866564],
[0.097875371610152542,0.29202900897938966],
[0.57008157181711561,0.3339784717136341],
[0.35815394243674592,0.46411775712693076],
[0.41994735508876335,0.38905064876275464],
[0.93139388327845607,0.67567061918360971],
[0.4304265700620506,0.68091022667025336],
[0.21855450103256349,0.32449053554730706],
[0.46623132731484085,0.34239291417370216],
[0.6295368865732297,0.54788410694403522],
[0.47690927435562241,0.553223080464426],
[0.78604331667600857,0.63147629551581552],
[0.51158660313532378,0.64881495990566618],
[0.49570858680843438,0.503647594971879],
[0.51299165616274878,0.50435012148559155],
[0.3721853764694853,0.44258851631611706],
[0.49394173034263344,0.4330635534060594],
[0.7674981121245168,0.63071992123357512],
[0.44980160300952265,0.60864985756701973],
[0.18732037105002641,0.31856098702977453],
[0.4981895424696996,0.342754956759863],
[0.65904793646247728,0.57861873946608844],
[0.51794250498182448,0.58849522072215088],
[0.56794712851875517,0.54294481675028983],
[0.45562683556443334,0.51178698204159423],
[0.60073539555246347,0.52818111555844838],
[0.50591582661999368,0.55332561108622857],
[0.91559655477426627,0.71075619069713],
[0.5047527324437171,0.71017464360899174],
[0.21600633339282041,0.36037953291826874],
[0.53031448100840484,0.37316040720061261],
[0.33874898994624958,0.43453173547732721],
[0.48798844817892628,0.41336871906258793],
[0.33232501130393549,0.41015672974143091],
[0.50521226993583768,0.41876864061988661],
[0.37871551081138893,0.44196389037361328],
[0.37448311639007387,0.3765993136007314],
[0.79049439545410149,0.58248875592208771],
[0.49886936623751954,0.64468188084581057],
[0.666279368302807,0.58257436727016332],
[0.5195044093821074,0.59289188884245725],
[0.71225436415432886,0.61587938676821818],
[0.52946822295707718,0.620861293555703],
[0.50197341997780009,0.51572082146743869],
[0.4703083908579162,0.48614090541785815],
[0.17243731356425068,0.32137285221108347],
[0.55337965294517255,0.36290848325471159],
[0.71511075575643168,0.63424520435080212],
[0.42365396189373894,0.56938235882508526],
[0.26273755542053817,0.34319575865713858],
[0.48622780496271334,0.37448268019162578],
[0.2544785898415256,0.37035319740211947],
[0.49888514434026643,0.376681867090896],
[0.66196719471645582,0.58042616952836112],
[0.4921899113489972,0.57707855303272648],
[0.31070611014926597,0.40144801074913161],
[0.48688352320190753,0.39879481667558675],
[0.22896721806626,0.35792537063408375],
[0.53470411752838842,0.3818356677973242],
[0.43780543566425917,0.48625477659632377],
[0.50849732532610559,0.47315138049518235],
[0.27098357378087556,0.38974044955349058],
[0.46721100505750235,0.36909728941918896],
[0.12497403559206335,0.29609252032478284],
[0.49571590772449059,0.31034497165827696],
[0.17618934915002377,0.33595262843725715],
[0.4215997952054133,0.29889457217771853],
[0.62776990205729855,0.52468484863135589],
[0.46930200572875741,0.548535953893028],
[0.49571822802514226,0.48251011687694983],
[0.52143462014011488,0.5085764240826286],
[0.7141414670241808,0.61778804358214789],
[0.51554798189273254,0.61484472445845673],
[0.3492482826572002,0.43239813227496637],
[0.48993255555649506,0.41959041910684763],
[0.40007216930234291,0.445002362429419],
[0.49970304311588537,0.44988760620911417],
[0.14658965063734739,0.32314634687661636],
[0.53145794282650871,0.33902379673192806],
[0.76040021137308855,0.64592907709979863],
[0.48483272593525095,0.62261646865416975],
[0.23864206628178239,0.36173739610851668],
[0.50228989159570325,0.37046597893874283],
[0.56357430685576193,0.53293209922573259],
[0.49572022034104374,0.52964726359840286],
[0.41911420578971831,0.457417213065381],
[0.58955781370836646,0.50433600974904236],
[0.40922366265587451,0.49939073818212049],
[0.50228899865662535,0.45575633065624993],
[0.21823089652741035,0.36025994759201785],
[0.528347553805603,0.3732892251665067],
[0.78572350694555249,0.65703553037557771],
[0.542624489948151,0.66417399844685177],
[0.38652233160203608,0.46457341077509356],
[0.48586871060900283,0.43619552110551946],
[0.68382794179353934,0.58484832620127114],
[0.49208270489268235,0.58795532334311085],
[0.45400321535259658,0.47304296012263947],
[0.53568646202160286,0.49484483868709972],
[0.4005816073614939,0.46813403469154835],
[0.48115103495309391,0.44086632115729391],
[0.40004147789931216,0.44059625642620304],
[0.45601862488930073,0.42803005139430644],
[0.88969279551655278,0.67285571020292678],
[0.48341887383065224,0.68655583467360248],
[0.6658931671291981,0.57465602047992514],
[0.48850286238881846,0.57719801475900834],
[0.52167418405276444,0.50508852322079145],
[0.47373792904488188,0.49770605654882316],
[0.64754170287698642,0.56063981596093415],
[0.50866286104522673,0.57810228196110658],
[0.273708350952485,0.39118560599885588],
[0.47081921204946192,0.3722637815009735],
[0.647132957801537,0.55897608492549944],
[0.49283360305611612,0.56998328042882651],
[0.55100600802704458,0.52191980554158035],
[0.48851729312874931,0.51976165057789692],
[0.49283577869587458,0.490676535912312],
[0.50723578111120871,0.50003577990354164],
[0.48815778231281126,0.49769678171201],
[0.46050406377003639,0.47433092304142382],
[0.33120969760126323,0.39585688068564984],
[0.49571715509224357,0.41346342634675337],
[0.56256641012525954,0.52914178260875155],
[0.51015126022596557,0.53635883517561256],
[0.098147158018413186,0.3041492091221894],
[0.51648982957323764,0.30731849379582543],
[0.2555569914898676,0.38602341053155265],
[0.5015806136338532,0.37856880256186043],
[0.4515517301874476,0.47656617191065043],
[0.50964421392853954,0.48059797205799359],
[0.28973161423781219,0.39968791408317583],
[0.50344773485558669,0.39658967454669947],
[0.44771263210891782,0.47558018348225228],
[0.55183007547612228,0.49977135379252],
[0.5353648992912069,0.54359748738366465],
[0.5294846428305392,0.532424771060873],
[0.36427091580292292,0.44687777931673106],
[0.52110737414878594,0.44268914497585443],
[0.707196723971866,0.61415204906032594],
[0.49315739846869733,0.60017706122028169],
[0.87699800501696423,0.68507770174283078],
[0.5427950509975733,0.70989652800726877],
[0.36309126091485361,0.45294315595621348],
[0.5385408127452187,0.45081603683003613],
[0.42217303796326805,0.48035692535424335],
[0.50372455278518569,0.46294879537422684],
[0.33488638769814805,0.41930547024166687],
[0.4898821980172976,0.41238429285772282],
[0.52052370159134331,0.50520294980432046],
[0.45532811325822314,0.48792590742478326],
[0.41152493844005217,0.43342652584913766],
[0.46541652583099741,0.43847073213552479],
[0.53152446487331606,0.49847049535215671],
[0.53695514612858508,0.53423980550095052],
[0.1395220780729666,0.33823861210077583],
[0.4857795421821044,0.31265081012753548],
[0.58901610864136911,0.53739782541173675],
[0.57527685830017217,0.58214648347077058],
[0.67851877898029833,0.62689781864023519],
[0.53444789947701454,0.60648333922865638],
[0.45341620424244033,0.49393205185972744],
[0.50377318920477832,0.47859469672360933],
[0.30653458210795625,0.40515388565636729],
[0.53422314495666434,0.4203788635323103],
[0.387107907140978,0.46066552604882116],
[0.52401787957642143,0.45556289335869971],
[0.38067650115851076,0.45234719036746607],
[0.50861568993184936,0.44464609554518009],
[0.21899500318900769,0.36380534656042851],
[0.546688835968375,0.38284191957869135],
[0.18696719358703731,0.36682801477770616],
[0.49572835682061228,0.34134777520382481],
[0.4149020435554342,0.45531520018802324],
[0.50020664636798651,0.45755434496171032],
[0.31214439810325051,0.40617552223561848],
[0.50995692599620845,0.41105066204972951],
[0.55979602285188113,0.53487647442404485],
[0.55308206540839833,0.55643904413013967],
[0.59925090557300831,0.57616648549070337],
[0.53776529069490275,0.56850809813395553],
[0.68248678040625321,0.610126035550578],
[0.50945623157818787,0.5959715059922206],
[0.30291461649802565,0.40618542403810676],
[0.4983352137658893,0.40062491513195747],
[0.579160592014533,0.53874790289021113],
[0.50353569170931856,0.5413481418619257],
[0.522845513686053,0.51319060269768579],
[0.46937539666426237,0.49611045517515773],
[0.31531824165301559,0.392346819158639],
[0.50729278808221234,0.41130551486761396],
[0.78820848437915536,0.64775063623068385],
[0.51721624832091162,0.65271236635003349],
[0.37664462986420127,0.44693043909255648],
[0.47457546851073762,0.42561004918746947],
[0.37215719945156123,0.42336633398114942],
[0.54215846033497817,0.4571578298932697],
[0.56525944528794769,0.55370895281146293],
[0.50501620288046078,0.53513782408420418],
[0.58725655334390181,0.5461363781121813],
[0.50759314672661526,0.54742485003525854],
[0.16025277912520414,0.33392296292590973],
[0.50843064249621839,0.33434171081071129],
[0.68264171006026608,0.59553617627824229],
[0.51841817967767112,0.6005299448689686],
[0.78137448769868789,0.64989633368817956],
[0.49572555209506247,0.63855001989687521],
[0.35690374628812022,0.42631464919159134],
[0.483495264845725,0.42019950556692265],
[0.50240160230014974,0.49294843357293738],
[0.49164812660317153,0.49702486445166061],
[0.33566652620565113,0.41365732640441133],
[0.48457182604082449,0.41011917612323778],
[0.5696327313064492,0.52710227867363679],
[0.451278603732429,0.51045566751943916],
[0.52136592485511035,0.48632226429376968],
[0.53468263981784414,0.52802428233647725],
[0.48978577914469579,0.51223420948127],
[0.50092692848466058,0.49535635381467819],
[0.49312763140598659,0.49702727994532359],
[0.52207653716187474,0.50760208428393061],
[0.396901430191722,0.45948898367679836],
[0.56413325399846559,0.48051734209509378],
[0.305572216369131,0.4348527351837983],
[0.508774941483731,0.407173578926431],
[0.6040314419311521,0.55640319170744157],
[0.4563951901550885,0.53021331604312028],
[0.26912531861429667,0.36276025438469262],
[0.50881500328969631,0.38897016095199649],
[0.62028330302938306,0.56454915315953969],
[0.50952535857429515,0.56490433080183911],
[0.17642289593277452,0.34297412725353482],
[0.515249438337224,0.34583616713499926],
[0.22056107394389204,0.367905256140558],
[0.4866744788917321,0.35361777641781206],
[0.62784631419379255,0.55726039654276227],
[0.5104184786273922,0.56913239641059232],
[0.44844940226446517,0.47943394044592869],
[0.49535577729983482,0.47190258978215],
[0.5051535895290945,0.50025468341446466],
[0.46488274285127351,0.485018166190184],
[0.52022287246842536,0.49255280765984943],
[0.50628303849189293,0.51325295548015915],
[0.75469257396359046,0.6304878062277417],
[0.49273258553072069,0.62371257974715555],
[0.63004965560205106,0.56139112056638585],
[0.46847379731785571,0.54926172645995341],
[0.601896281885687,0.53518503960177133],
[0.48639942139799563,0.54414785164184132],
[0.35154161407161805,0.41897051773480687],
[0.50284264134825241,0.4271921277099352],
[0.45020878392460906,0.47652571263643073],
[0.50809120946206643,0.47914999669333774],
[0.28081001784425758,0.39445061365316203],
[0.50588678377261309,0.39334840080843536],
[0.80917779468174211,0.65753228922717755],
[0.516636985179418,0.66290738993058007],
[0.61202987805785114,0.56433343161863458],
[0.47971660086597162,0.54587323946191135],
[0.49386522095207253,0.48679091090902205],
[0.50318147630605781,0.49852334862906517],
[0.40191160524093639,0.4525465407734971],
[0.48341512886991217,0.44266336705542431],
[0.29617973165030892,0.38979743026011054],
[0.49310696953520244,0.39464335059275568],
[0.4126037177160583,0.4528553436256304],
[0.5096193842133302,0.46111155096469425],
[0.591803520436394,0.55071145232486207],
[0.51258477193824248,0.55219414618731821],
[0.33351908770646516,0.42305192982235384],
[0.504747623247486,0.41913335547697561],
[0.46422870425482754,0.48448816375115678],
[0.51339116817715535,0.48880993621599145],
[0.3106631313062006,0.412027149741678],
[0.49497870674967615,0.40282091902793837],
[0.47162317811374377,0.48330094243170996],
[0.50742649918991545,0.48952483865182961],
[0.21182485009204094,0.35962567464097817],
[0.51318446896675951,0.36250465952940025],
[0.519239190531014,0.51621182974888669],
[0.54074634331085991,0.529992766920937],
[0.24769999119276875,0.39422316725181433],
[0.47709130013582784,0.36239564566429827],
[0.46834689598010376,0.4727190980579658],
[0.50450108842041363,0.48642399220025867],
[0.33126413860166254,0.41788261351103806],
[0.55322312905910442,0.44224363383038345],
[0.38362176887268479,0.46842244896589458],
[0.49114734877593,0.43738455882430738],
[0.48464461021422306,0.48789597949507657],
[0.49956570181025522,0.49210515601223914],
[0.76980604791788,0.63468587486406758],
[0.52197307568940443,0.64588956180364221],
[0.22325047875211129,0.37261177722075789],
[0.509506347044385,0.36637841289824813],
[0.027449747637781984,0.26847804734108349],
[0.51478714448121266,0.27111844605949731],
[0.38944911516857211,0.45211812982489241],
[0.51948469610588577,0.45446690563722891],
[0.7395799794554,0.62953233778064288],
[0.47987090573942182,0.6097254425974109],
[0.90961765861500732,0.69474428217721451],
[0.52904113590295943,0.71932939725898337],
[0.67432776575285136,0.60168445082790534],
[0.51062053561206067,0.592474150682456],
[0.77794909233334253,0.64428481397270154],
[0.5467866665650889,0.66236787944921571],
[0.9407495796523232,0.7437681231087061],
[0.45542744839215021,0.69808851402223671],
[0.30676366746539957,0.38109555792877492],
[0.47620460798804171,0.39148413772672064],
[0.29875070201921378,0.38747765500362774],
[0.5036575172728156,0.40120410964601472],
[0.7897719923464297,0.64671475480962259],
[0.43531333430427643,0.612542663325353],
[0.627809602768202,0.5315614685362392],
[0.51407197036183239,0.57094078656501712],
[0.41599228458386711,0.46503212747284972],
[0.50097875258726243,0.45848551858556474],
[0.82685226138391021,0.66391550698558632],
[0.51767030514786816,0.67226128326588919],
[0.623865018064974,0.570767661606421],
[0.50796925018713157,0.56591713412605271],
[0.14489784522295707,0.32643354770504429],
[0.59182817818230826,0.36836301170263264],
[0.7446484408553623,0.66823830951883534],
[0.47049749302357463,0.6075729669394685],
[0.470856525812563,0.47067700941806878],
[0.598424181446179,0.534640353629371],
[0.6542892777408551,0.62635672959351707],
[0.52787117207557277,0.59108022490821388],
[0.1346799406337349,0.33127555635465383],
[0.542587981917987,0.33863396127586093],
[0.47525393923045695,0.508920960574222],
[0.45557958872920373,0.46541676397983034],
[0.36682493496417296,0.41120226184668834],
[0.51516344681945059,0.4409941908918118],
[0.667045350330998,0.59110439857522423],
[0.46115180256307614,0.56409857644703709],
[0.47189677476726005,0.4665242886651681],
[0.41230064892144086,0.44209871184435046],
[0.38775438622414993,0.40002751757279542],
[0.45875979058854816,0.423257088406349],
[0.60560495003791392,0.532182370313231],
[0.5300655212071449,0.56783523562252936],
[0.701328273121251,0.615696897164198],
[0.50576995695186289,0.603549115036557],
[0.86998661649244013,0.68787828672215157],
[0.34787599268684605,0.60893130458964306],
[0.41373038705841592,0.38080318987263095],
[0.45510720083742656,0.43441879394792127],
[0.44077266415231769,0.44793993249487213],
[0.48682776520932691,0.46380021468082233],
[0.69852562071500668,0.59267669296216674],
[0.52525232250933618,0.61188897161217137],
[0.65755675444916728,0.59140453847925167],
[0.39241890945014091,0.52498783194965415],
[0.37371116417734124,0.38306503681374104],
[0.47614704708446692,0.42492910563090408],
[0.49091873267619673,0.48353288988033183],
[0.56266285539442773,0.52679079403531226],
[0.2458893231624503,0.404276089278439],
[0.48385060730788565,0.36486996523516796],
[0.241498540702029,0.36267457400495734],
[0.48192313352846994,0.36171083711524948],
[0.57025980965488221,0.526091471591676],
[0.527756867718488,0.54900833868668508],
[0.32175591014715776,0.42475638893282286],
[0.48078087631269678,0.40126839322992724],
[0.62977607198737784,0.55527847415003728],
[0.46444354683935385,0.54710980941336584],
[0.359115227902785,0.41177938737106945],
[0.4528162399488565,0.40596573392582075],
[0.51108205575133636,0.48194914785009646],
[0.58686951208765259,0.54897578391949442],
[0.12957658237298636,0.3582230472303195],
[0.51156526933780855,0.32057092585539748],
[0.4961096354934551,0.50383745241563183],
[0.50025582253781353,0.49818272901563432],
[0.793730495940448,0.6469931592391307],
[0.49310881539829504,0.64341965566937154],
[0.35728949692971318,0.42519915616400411],
[0.55036070275615112,0.45382509984293218],
[0.94949413525963611,0.74992741900789361],
[0.47391220542443613,0.71170317034203612],
[0.22353300629273887,0.3487226058585875],
[0.48567859125836882,0.35460579877555387],
[0.35291577724036244,0.41929718424936563],
[0.48005481943915651,0.41648529833975945],
[0.4755758406663313,0.4778153300527439],
[0.48303064489223291,0.4793032427792821],
[0.29663863484712844,0.3898346398696807],
[0.42680532511387675,0.36172197998050259],
[0.2718058022333677,0.3493055636736222],
[0.50478882442224471,0.3882973133278062],
[0.68369285018640291,0.59424083730432375],
[0.51151572580952653,0.59760428799796472],
[0.37679802184598959,0.44415687382775804],
[0.54044651543211408,0.45862226863905187],
[0.51002945815702816,0.52523798679457112],
[0.44439433084326235,0.47721189450014523],
[0.75927408701757515,0.60183420893041872],
[0.549106068961842,0.65419007798970852],
[0.94694548365576514,0.74802577630880362],
[0.45852086517638518,0.70273317441607519],
[0.41809409699895617,0.4383074810876707],
[0.47724001706066133,0.44766705702980875],
[0.015524899802717568,0.24638245843168943],
[0.42384830331996654,0.21968660156134207],
[0.94303211752359006,0.68344021042177827],
[0.5484924905239329,0.74576230402376154],
[0.915642198965667,0.7320673447448],
[0.36526311953320934,0.64045265924943817],
[0.71448916351924119,0.53987614152622521],
[0.536817483273912,0.62565332339657664],
[0.35506339987803204,0.445940441575972],
[0.47658336338724983,0.41582338163264093],
[0.73658955789529856,0.60658646064127419],
[0.67376552922724986,0.70517754356127416],
[0.32099129186874131,0.49737841054799559],
[0.57610010056948258,0.44854569621911194],
[0.33657240063706939,0.456336250603276],
[0.43581741826974169,0.38619490945340551],
[0.59518997217594782,0.51550369522284478],
[0.46494653672387448,0.53006825444991112],
[0.820251534033802,0.64259903537883822],
[0.49243964372470345,0.65634558887925276],
[0.63061948423817571,0.56152956398143961],
[0.46413468793655455,0.54737708608736513],
[0.64378661123231884,0.55396064958443669],
[0.48665024808171159,0.56521842965701519],
[0.78676053020735059,0.63670538914453112],
[0.49571640950199841,0.64123846985467448],
[0.61297786461344206,0.55434713705772021],
[0.54772378347505735,0.58035082404424965],
[0.60954678795111172,0.57863528571308454],
[0.56841431378439289,0.58898055086775236],
[0.77485309311258155,0.67163370344848716],
[0.70915426051947872,0.74200367681603008],
[0.40563032022381507,0.55739229037164684],
[0.4602571842205152,0.43294375222216513],
[0.74285081297727829,0.60155399859889669]]
mbtIn = [[0.32077581711122127],
[0.31294420502798981],
[0.302796495939552],
[0.24748697009174619],
[0.50711288720601733],
[0.55127517218991229],
[0.610018390371242],
[0.60954589388473723],
[0.48532523746854994],
[0.49007094801209455],
[0.53962058561717052],
[0.5440295502246264],
[0.34862337610975458],
[0.30152866070089213],
[0.31744533693597887],
[0.39189941210613854],
[0.72451345194173578],
[0.67433100021965231],
[0.51204690487384785],
[0.53116774670393052],
[0.69903652406284134],
[0.69128368587770761],
[0.45796474893921579],
[0.46281804847546731],
[0.4203604822994837],
[0.441150745045503],
[0.54322918426692612],
[0.52364979031412573],
[0.34932655922041794],
[0.35929098452343022],
[0.74384193392294307],
[0.72456677274666137],
[0.63378024575887748],
[0.66241738425210062],
[0.37560484722217019],
[0.37359909050895945],
[0.32432076822276273],
[0.33786652950326718],
[0.66349207724672843],
[0.59992953442265662],
[0.24167697386071102],
[0.25634702427047407],
[0.42643591692937854],
[0.48332184310546256],
[0.61365494607808846],
[0.5796950896590326],
[0.251408334605851],
[0.27014902568729138],
[0.51859983567743606],
[0.4870450306718242],
[0.51852710353267928],
[0.54704926035077883],
[0.55094469142829827],
[0.55532984963176313],
[0.56715180641755114],
[0.54595432291866564],
[0.29202900897938966],
[0.3339784717136341],
[0.46411775712693076],
[0.38905064876275464],
[0.67567061918360971],
[0.68091022667025336],
[0.32449053554730706],
[0.34239291417370216],
[0.54788410694403522],
[0.553223080464426],
[0.63147629551581552],
[0.64881495990566618],
[0.503647594971879],
[0.50435012148559155],
[0.44258851631611706],
[0.4330635534060594],
[0.63071992123357512],
[0.60864985756701973],
[0.31856098702977453],
[0.342754956759863],
[0.57861873946608844],
[0.58849522072215088],
[0.54294481675028983],
[0.51178698204159423],
[0.52818111555844838],
[0.55332561108622857],
[0.71075619069713],
[0.71017464360899174],
[0.36037953291826874],
[0.37316040720061261],
[0.43453173547732721],
[0.41336871906258793],
[0.41015672974143091],
[0.41876864061988661],
[0.44196389037361328],
[0.3765993136007314],
[0.58248875592208771],
[0.64468188084581057],
[0.58257436727016332],
[0.59289188884245725],
[0.61587938676821818],
[0.620861293555703],
[0.51572082146743869],
[0.48614090541785815],
[0.32137285221108347],
[0.36290848325471159],
[0.63424520435080212],
[0.56938235882508526],
[0.34319575865713858],
[0.37448268019162578],
[0.37035319740211947],
[0.376681867090896],
[0.58042616952836112],
[0.57707855303272648],
[0.40144801074913161],
[0.39879481667558675],
[0.35792537063408375],
[0.3818356677973242],
[0.48625477659632377],
[0.47315138049518235],
[0.38974044955349058],
[0.36909728941918896],
[0.29609252032478284],
[0.31034497165827696],
[0.33595262843725715],
[0.29889457217771853],
[0.52468484863135589],
[0.548535953893028],
[0.48251011687694983],
[0.5085764240826286],
[0.61778804358214789],
[0.61484472445845673],
[0.43239813227496637],
[0.41959041910684763],
[0.445002362429419],
[0.44988760620911417],
[0.32314634687661636],
[0.33902379673192806],
[0.64592907709979863],
[0.62261646865416975],
[0.36173739610851668],
[0.37046597893874283],
[0.53293209922573259],
[0.52964726359840286],
[0.457417213065381],
[0.50433600974904236],
[0.49939073818212049],
[0.45575633065624993],
[0.36025994759201785],
[0.3732892251665067],
[0.65703553037557771],
[0.66417399844685177],
[0.46457341077509356],
[0.43619552110551946],
[0.58484832620127114],
[0.58795532334311085],
[0.47304296012263947],
[0.49484483868709972],
[0.46813403469154835],
[0.44086632115729391],
[0.44059625642620304],
[0.42803005139430644],
[0.67285571020292678],
[0.68655583467360248],
[0.57465602047992514],
[0.57719801475900834],
[0.50508852322079145],
[0.49770605654882316],
[0.56063981596093415],
[0.57810228196110658],
[0.39118560599885588],
[0.3722637815009735],
[0.55897608492549944],
[0.56998328042882651],
[0.52191980554158035],
[0.51976165057789692],
[0.490676535912312],
[0.50003577990354164],
[0.49769678171201],
[0.47433092304142382],
[0.39585688068564984],
[0.41346342634675337],
[0.52914178260875155],
[0.53635883517561256],
[0.3041492091221894],
[0.30731849379582543],
[0.38602341053155265],
[0.37856880256186043],
[0.47656617191065043],
[0.48059797205799359],
[0.39968791408317583],
[0.39658967454669947],
[0.47558018348225228],
[0.49977135379252],
[0.54359748738366465],
[0.532424771060873],
[0.44687777931673106],
[0.44268914497585443],
[0.61415204906032594],
[0.60017706122028169],
[0.68507770174283078],
[0.70989652800726877],
[0.45294315595621348],
[0.45081603683003613],
[0.48035692535424335],
[0.46294879537422684],
[0.41930547024166687],
[0.41238429285772282],
[0.50520294980432046],
[0.48792590742478326],
[0.43342652584913766],
[0.43847073213552479],
[0.49847049535215671],
[0.53423980550095052],
[0.33823861210077583],
[0.31265081012753548],
[0.53739782541173675],
[0.58214648347077058],
[0.62689781864023519],
[0.60648333922865638],
[0.49393205185972744],
[0.47859469672360933],
[0.40515388565636729],
[0.4203788635323103],
[0.46066552604882116],
[0.45556289335869971],
[0.45234719036746607],
[0.44464609554518009],
[0.36380534656042851],
[0.38284191957869135],
[0.36682801477770616],
[0.34134777520382481],
[0.45531520018802324],
[0.45755434496171032],
[0.40617552223561848],
[0.41105066204972951],
[0.53487647442404485],
[0.55643904413013967],
[0.57616648549070337],
[0.56850809813395553],
[0.610126035550578],
[0.5959715059922206],
[0.40618542403810676],
[0.40062491513195747],
[0.53874790289021113],
[0.5413481418619257],
[0.51319060269768579],
[0.49611045517515773],
[0.392346819158639],
[0.41130551486761396],
[0.64775063623068385],
[0.65271236635003349],
[0.44693043909255648],
[0.42561004918746947],
[0.42336633398114942],
[0.4571578298932697],
[0.55370895281146293],
[0.53513782408420418],
[0.5461363781121813],
[0.54742485003525854],
[0.33392296292590973],
[0.33434171081071129],
[0.59553617627824229],
[0.6005299448689686],
[0.64989633368817956],
[0.63855001989687521],
[0.42631464919159134],
[0.42019950556692265],
[0.49294843357293738],
[0.49702486445166061],
[0.41365732640441133],
[0.41011917612323778],
[0.52710227867363679],
[0.51045566751943916],
[0.48632226429376968],
[0.52802428233647725],
[0.51223420948127],
[0.49535635381467819],
[0.49702727994532359],
[0.50760208428393061],
[0.45948898367679836],
[0.48051734209509378],
[0.4348527351837983],
[0.407173578926431],
[0.55640319170744157],
[0.53021331604312028],
[0.36276025438469262],
[0.38897016095199649],
[0.56454915315953969],
[0.56490433080183911],
[0.34297412725353482],
[0.34583616713499926],
[0.367905256140558],
[0.35361777641781206],
[0.55726039654276227],
[0.56913239641059232],
[0.47943394044592869],
[0.47190258978215],
[0.50025468341446466],
[0.485018166190184],
[0.49255280765984943],
[0.51325295548015915],
[0.6304878062277417],
[0.62371257974715555],
[0.56139112056638585],
[0.54926172645995341],
[0.53518503960177133],
[0.54414785164184132],
[0.41897051773480687],
[0.4271921277099352],
[0.47652571263643073],
[0.47914999669333774],
[0.39445061365316203],
[0.39334840080843536],
[0.65753228922717755],
[0.66290738993058007],
[0.56433343161863458],
[0.54587323946191135],
[0.48679091090902205],
[0.49852334862906517],
[0.4525465407734971],
[0.44266336705542431],
[0.38979743026011054],
[0.39464335059275568],
[0.4528553436256304],
[0.46111155096469425],
[0.55071145232486207],
[0.55219414618731821],
[0.42305192982235384],
[0.41913335547697561],
[0.48448816375115678],
[0.48880993621599145],
[0.412027149741678],
[0.40282091902793837],
[0.48330094243170996],
[0.48952483865182961],
[0.35962567464097817],
[0.36250465952940025],
[0.51621182974888669],
[0.529992766920937],
[0.39422316725181433],
[0.36239564566429827],
[0.4727190980579658],
[0.48642399220025867],
[0.41788261351103806],
[0.44224363383038345],
[0.46842244896589458],
[0.43738455882430738],
[0.48789597949507657],
[0.49210515601223914],
[0.63468587486406758],
[0.64588956180364221],
[0.37261177722075789],
[0.36637841289824813],
[0.26847804734108349],
[0.27111844605949731],
[0.45211812982489241],
[0.45446690563722891],
[0.62953233778064288],
[0.6097254425974109],
[0.69474428217721451],
[0.71932939725898337],
[0.60168445082790534],
[0.592474150682456],
[0.64428481397270154],
[0.66236787944921571],
[0.7437681231087061],
[0.69808851402223671],
[0.38109555792877492],
[0.39148413772672064],
[0.38747765500362774],
[0.40120410964601472],
[0.64671475480962259],
[0.612542663325353],
[0.5315614685362392],
[0.57094078656501712],
[0.46503212747284972],
[0.45848551858556474],
[0.66391550698558632],
[0.67226128326588919],
[0.570767661606421],
[0.56591713412605271],
[0.32643354770504429],
[0.36836301170263264],
[0.66823830951883534],
[0.6075729669394685],
[0.47067700941806878],
[0.534640353629371],
[0.62635672959351707],
[0.59108022490821388],
[0.33127555635465383],
[0.33863396127586093],
[0.508920960574222],
[0.46541676397983034],
[0.41120226184668834],
[0.4409941908918118],
[0.59110439857522423],
[0.56409857644703709],
[0.4665242886651681],
[0.44209871184435046],
[0.40002751757279542],
[0.423257088406349],
[0.532182370313231],
[0.56783523562252936],
[0.615696897164198],
[0.603549115036557],
[0.68787828672215157],
[0.60893130458964306],
[0.38080318987263095],
[0.43441879394792127],
[0.44793993249487213],
[0.46380021468082233],
[0.59267669296216674],
[0.61188897161217137],
[0.59140453847925167],
[0.52498783194965415],
[0.38306503681374104],
[0.42492910563090408],
[0.48353288988033183],
[0.52679079403531226],
[0.404276089278439],
[0.36486996523516796],
[0.36267457400495734],
[0.36171083711524948],
[0.526091471591676],
[0.54900833868668508],
[0.42475638893282286],
[0.40126839322992724],
[0.55527847415003728],
[0.54710980941336584],
[0.41177938737106945],
[0.40596573392582075],
[0.48194914785009646],
[0.54897578391949442],
[0.3582230472303195],
[0.32057092585539748],
[0.50383745241563183],
[0.49818272901563432],
[0.6469931592391307],
[0.64341965566937154],
[0.42519915616400411],
[0.45382509984293218],
[0.74992741900789361],
[0.71170317034203612],
[0.3487226058585875],
[0.35460579877555387],
[0.41929718424936563],
[0.41648529833975945],
[0.4778153300527439],
[0.4793032427792821],
[0.3898346398696807],
[0.36172197998050259],
[0.3493055636736222],
[0.3882973133278062],
[0.59424083730432375],
[0.59760428799796472],
[0.44415687382775804],
[0.45862226863905187],
[0.52523798679457112],
[0.47721189450014523],
[0.60183420893041872],
[0.65419007798970852],
[0.74802577630880362],
[0.70273317441607519],
[0.4383074810876707],
[0.44766705702980875],
[0.24638245843168943],
[0.21968660156134207],
[0.68344021042177827],
[0.74576230402376154],
[0.7320673447448],
[0.64045265924943817],
[0.53987614152622521],
[0.62565332339657664],
[0.445940441575972],
[0.41582338163264093],
[0.60658646064127419],
[0.70517754356127416],
[0.49737841054799559],
[0.44854569621911194],
[0.456336250603276],
[0.38619490945340551],
[0.51550369522284478],
[0.53006825444991112],
[0.64259903537883822],
[0.65634558887925276],
[0.56152956398143961],
[0.54737708608736513],
[0.55396064958443669],
[0.56521842965701519],
[0.63670538914453112],
[0.64123846985467448],
[0.55434713705772021],
[0.58035082404424965],
[0.57863528571308454],
[0.58898055086775236],
[0.67163370344848716],
[0.74200367681603008],
[0.55739229037164684],
[0.43294375222216513],
[0.60155399859889669],
[0.60444613269153313]]