mbtIn = [[0.4987989089171696,0.74939945403021668],
[0.52166101759838157,0.51022996325777559],
[0.48549069973155251,0.503575858664967],
[0.399811114795963,0.44265090726375778],
[0.48713712407139215,0.44347411943367754],
[0.58097864174398128,0.53405788290768674],
[0.48673443990353504,0.53385654082375811],
[0.47758875112838522,0.48216159551596016],
[0.50545761331055117,0.49152318221946822],
[0.30095715450814015,0.40320738390934563],
[0.48418898490486717,0.39257306970650363],
[0.50720573028324023,0.4956973575940537],
[0.49841437020407858,0.50281005024365943],
[0.6208347207138718,0.55962454545897522],
[0.49255657020559979,0.55669564545973582],
[0.701840325044005,0.59719844762480234],
[0.4855183910815466,0.59367935806277572],
[0.40136289447996543,0.443440642780756],
[0.48674346766549276,0.44405318107272906],
[0.47015055076323647,0.47844700921436462],
[0.49505034701723638,0.48260044889023646],
[0.55545250518686673,0.52525142610205156],
[0.50168305679667757,0.52856778099177215],
[0.18681355402770256,0.34424830541219009],
[0.47705977814272121,0.33193666608521188],
[0.54190504316421884,0.50948241065347],
[0.47289588309691888,0.50740046313056886],
[0.42108051425416548,0.44698819867554218],
[0.49423568195485978,0.45765809810451263],
[0.27825256712449165,0.38624412453967572],
[0.50650048383790414,0.39237652548119789],
[0.69765068659991269,0.60207558521890836],
[0.49255657020559979,0.59510362840275621],
[0.76568625099721477,0.62912141060140725],
[0.47841659714990653,0.62205142407356062],
[0.2893590496981448,0.38388782342402566],
[0.51014691978612792,0.39975298474213639],
[0.44873921732291522,0.47944306855452157],
[0.49632950002013709,0.47253435867152616],
[0.53189923526723359,0.51411436764368534],
[0.48292965861019921,0.5074144469387164],
[0.37366210530300037,0.42829588195659979],
[0.48709374444864068,0.43037792487582049],
[0.45064873601849509,0.46887124023356785],
[0.48119761054945914,0.46592317328397714],
[0.80864033886121212,0.64491897470533566],
[0.48381152064360256,0.64622592975240734],
[0.43782764802245033,0.46081958433302644],
[0.48754953245222221,0.46268859023733627],
[0.57943141333513082,0.53349047289367646],
[0.46346128052898039,0.5214463469320556],
[0.64160069240620654,0.55253098646759347],
[0.49089736447863908,0.56624902844242286],
[0.38336416859241434,0.43713076653552674],
[0.49005964913282246,0.4367119088626184],
[0.55964475740115516,0.52485220326698878],
[0.49961853018922725,0.52963164379519123],
[0.37891858335700357,0.43926855677311538],
[0.49880741831830422,0.43886300083765389],
[0.13964991356259113,0.31922866594044769],
[0.47779223786848585,0.30872107571553847],
[0.620795023470684,0.54929363066958492],
[0.48835051185316058,0.55457276766192232],
[0.34476889308789921,0.41655970247052987],
[0.49297913506020685,0.418874014074053],
[0.59681936992229656,0.54489925249125171],
[0.47866124195525184,0.5377403059387742],
[0.70041333420834972,0.58953728808180084],
[0.48962537190530181,0.59501935305682574],
[0.42889095187099829,0.45925816188815005],
[0.49171742163099758,0.46030418675099793],
[0.5168826590477662,0.50430004033938192],
[0.47705132068016382,0.49696698986396504],
[0.59769195772977912,0.53737163920497144],
[0.49130201701180704,0.54449698737079311],
[0.43473762772364133,0.46301982236772421],
[0.49339440712597371,0.46406601742480752],
[0.4703768167752686,0.48188561195062118],
[0.5017786262021916,0.48607772148873007],
[0.35874791184916266,0.43026326902567713],
[0.48540534497539434,0.4220766284122785],
[0.51863429489637081,0.50201981993588252],
[0.4791064425827235,0.49887036873954715],
[0.56407716841269018,0.5215918054977069],
[0.5026318215735589,0.53335449499312459],
[0.54320227382027286,0.52291704769691583],
[0.4866905853428713,0.51494642958157211],
[0.5143446417969666,0.500517613569919],
[0.48711202442500368,0.50072833311098508],
[0.36422528494929934,0.42566865468715154],
[0.49760315072018291,0.43091421783474115],
[0.74065340655770662,0.61912827863894471],
[0.49631149991454293,0.61848245323612483],
[0.56102722655566684,0.52866936323510494],
[0.48298370685927611,0.5220054667074715],
[0.66036364500477873,0.57167367593202745],
[0.50498689573037581,0.58267527036757727],
[0.47972166358002633,0.49235427965520107],
[0.49504277853296907,0.4873822210564977],
[0.59961299556054326,0.54732788704675617],
[0.504121335564333,0.55186716556243809],
[0.39370190316243237,0.4489116193633827],
[0.49007213051318216,0.44188701683780729],
[0.56744721907393636,0.52875967479355923],
[0.4875984620248765,0.52752284054940646],
[0.542435473483162,0.51501696775401928],
[0.48595470168248545,0.51419508758282373],
[0.59446665248073316,0.5402106770816093],
[0.48967600518817372,0.54207132883445341],
[0.35911797557418179,0.42439699038117773],
[0.48512026177857459,0.42211911867637819],
[0.44765994464632347,0.466390103212449],
[0.49172891251870321,0.46969442858251331],
[0.56739766793689772,0.52956329022780047],
[0.49173069348714687,0.52956418071202227],
[0.58814321102048928,0.5399369522538181],
[0.48761548297106005,0.53787934699577467],
[0.39000255982497162,0.43880902139801581],
[0.48099368711051005,0.43549812346774086],
[0.31594553059349489,0.39846960885200244],
[0.4979579436195114,0.40695173710650312],
[0.33117864229818322,0.41456829295884734],
[0.48838258147845059,0.40978061188831694],
[0.43895248254019187,0.4636675320093212],
[0.49381100451963988,0.4663817435299159],
[0.5067719950177263,0.50029149976868315],
[0.49381044291709053,0.50029121896740847],
[0.6096773380839452,0.55174389050051786],
[0.49422260272671248,0.55194997040532878],
[0.43456423056041055,0.46439341664356149],
[0.49297375593735926,0.46376899324888488],
[0.42913486338568557,0.46105430966152239],
[0.50425914090871493,0.46669700214720022],
[0.46751863602366922,0.48588888846619205],
[0.50886123871131583,0.4881899373674925],
[0.527206350295666,0.518033794503491],
[0.49339157167267655,0.51029896098417127],
[0.33752410873490996,0.41545784020379328],
[0.49255657020559979,0.41504033947025487],
[0.550232725314815,0.52139464776020739],
[0.47581769641819177,0.51302521086650343],
[0.61233034343357307,0.54407401992588245],
[0.50341077133495737,0.55787055738426528],
[0.47420726899928345,0.48880902016712041],
[0.51134316456432949,0.49277521678180647],
[0.42052774595002662,0.46593545525717805],
[0.490883785297859,0.45570576562394283],
[0.48753837928543864,0.48921108229164878],
[0.49088346120397763,0.48921092024470814],
[0.358589026935746,0.42473624406986182],
[0.50053654576689222,0.42956278635131911],
[0.49045721956872651,0.49549688266780934],
[0.5043140435205381,0.49738563154463233],
[0.47200597120595333,0.48816000736324572],
[0.5181653504676792,0.49508566083681627],
[0.42176415667754324,0.46996475357261125],
[0.4946595067888665,0.4582118317332049],
[0.46149075831495706,0.47807513255191181],
[0.49676604084975257,0.47912839958235481],
[0.60967458401698549,0.553220312433369],
[0.48039769628635048,0.545036140151668],
[0.48039341571296312,0.48039555599965678],
[0.48500291620735431,0.48269816596015869],
[0.53363212683401473,0.50931752152068455],
[0.48123881837852578,0.5074354726062702],
[0.51478075071656082,0.4980097845475433],
[0.49339495617987794,0.50408785344821938],
[0.36415254367716776,0.42877374992852285],
[0.49634374800560721,0.43024814584138749],
[0.5282777171052514,0.51231073255542925],
[0.48919439458257125,0.50873605584391135],
[0.4619245536642167,0.47555947412339394],
[0.487929169924692,0.47492686179445431],
[0.54083041222813333,0.51437979107641263],
[0.48205524617948914,0.51144282920381123],
[0.52363424229478861,0.50284474423713887],
[0.49129680107751939,0.507465521686154],
[0.39931255150155059,0.44530467628953496],
[0.50182100650758688,0.45056677900456876],
[0.48792618128581883,0.49487359389670282],
[0.49424077832789981,0.49108347980685929],
[0.36205043284610944,0.42814560558700465],
[0.49847407624500173,0.43026225454555556],
[0.43997129592673256,0.46922268608586715],
[0.49297980814432407,0.46647555203552832],
[0.45792574142146869,0.47545277478289638],
[0.48747327185529166,0.47269950663838017],
[0.45241484963889067,0.46994406074709116],
[0.49764734054197929,0.47503109509043495],
[0.63907262132937193,0.56835998093567563],
[0.49720216667111361,0.56813739400024277],
[0.434184138917809,0.46569315279446133],
[0.4976324419930287,0.46590829045541882],
[0.37851317219365793,0.43807280709334329],
[0.5103760605978207,0.44444461639573929],
[0.52602903149670388,0.51820254604726235],
[0.50442031398431786,0.51522467274051087],
[0.41492613303603737,0.45967322351017759],
[0.49977379590736026,0.45734996447169884],
[0.33398343331524538,0.41687861461130282],
[0.48061986768930037,0.40730165050227285],
[0.48615828701359209,0.48338907735144621],
[0.48914323086815958,0.48765075894087584],
[0.49212983458429838,0.490636532726229],
[0.49767771788072612,0.49490377623251225],
[0.51686723891385722,0.50727247839729173],
[0.50577395462162777,0.51132059676774255],
[0.51854274461745553,0.51215834961954165],
[0.49000131242242234,0.50427202851993891],
[0.58984130747468477,0.53992130994855358],
[0.48788513765887787,0.53886322256678132],
[0.49765410166805263,0.49276961966346522],
[0.49595440014423942,0.496804250906146],
[0.476852676634832,0.48640353838953571],
[0.50615171808972059,0.49150219736227629],
[0.43384952606509442,0.4700006220774075],
[0.49681099033464193,0.46533025819986817],
[0.56444918091709262,0.53063008562586722],
[0.48788772060466551,0.526168450760879],
[0.443505479897157,0.46569660025091125],
[0.49595787131728331,0.46973167560722018],
[0.49723292580864165,0.49659539856296248],
[0.49553200424820765,0.49638246502842465],
[0.45651331392137512,0.47602265908479136],
[0.49596034309327108,0.47623682850732307],
[0.36510131419994496,0.430530828646608],
[0.49255657020559979,0.42882894220277235],
[0.4707991279545008,0.48167784908005029],
[0.49170198607142773,0.48125055701296426],
[0.39239307709468868,0.44204753158305821],
[0.49855681927867129,0.44547494818668],
[0.26185767521863018,0.38020724724865074],
[0.44568124951141286,0.35376946236502149],
[0.40331707698449881,0.42449916324795584],
[0.50035717308903449,0.45183712503676665],
[0.58519361282309312,0.54277539295606381],
[0.49817388038332028,0.54168374660320673],
[0.45592207907493032,0.47704797972912527],
[0.49558397267533083,0.47575302587513058],
[0.5318505943562537,0.51371728351579227],
[0.48176150015223823,0.50680604725424594],
[0.45806368712948037,0.4699125936408593],
[0.49601677195721555,0.47704022954334796],
[0.4903943257489457,0.49320554885308066],
[0.48304425883852409,0.4867192922937349],
[0.50120909493897059,0.49212667688874734],
[0.49904440729288296,0.50012675111592675],
[0.5837627797491175,0.5414035935210002],
[0.50420090053633282,0.54398184014272521],
[0.5450030753416667,0.52460198793899981],
[0.49513948014480241,0.52007127774323458],
[0.36446668819276479,0.4298030841687836],
[0.49860598050374427,0.43153633434825456],
[0.552373227845258,0.52548960417450119],
[0.48824439718776258,0.52030881251651029],
[0.47531555645635537,0.481779976822059],
[0.48306552192882773,0.47919053919259158],
[0.38277551494576922,0.43292051843729851],
[0.49818641558546933,0.44048096526561931],
[0.404836823661853,0.45151161962366115],
[0.48431063239826933,0.44457372803006112],
[0.39957040673925931,0.44194051956876435],
[0.49386273978924083,0.44671657326425007],
[0.43324702797719894,0.46355488388321986],
[0.49691793810757456,0.46508248304238675],
[0.577737332898156,0.53732763550286533],
[0.49125165348679967,0.53449449319247777],
[0.5151688875199566,0.50321027050337808],
[0.489079101979555,0.50212399474975578],
[0.51559053350913486,0.502334817744345],
[0.49733591812509953,0.50646322581711722],
[0.45615133980935496,0.47674362896722722],
[0.48603458778607672,0.47109296379771581],
[0.51038678721609865,0.49821068750108766],
[0.48473310305355072,0.49755994513482471],
[0.60225398280179054,0.5434935429276706],
[0.49949168357449047,0.55087283318814051],
[0.26676815863684161,0.383129921105666],
[0.49604811850953878,0.38140813857319023],
[0.38658443377146962,0.44131627614050417],
[0.50131183169068816,0.44394813273107891],
[0.56348873783140907,0.53240028476104861],
[0.4908096787524156,0.52714920829191236],
[0.5296340024555336,0.51022184060397457],
[0.49212028372615046,0.51087714309084209],
[0.50477268347917714,0.4984464836026638],
[0.5004074020488315,0.50259004276400432],
[0.35763119164167567,0.42901929684525358],
[0.500875044497117,0.42925311806939631],
[0.53102024883295207,0.51594764666503456],
[0.48774780452228866,0.50938402667762039],
[0.60410332658941179,0.54592556555585026],
[0.48994167009763562,0.54702249834352368],
[0.42547422655399464,0.45770794832581513],
[0.48382412083296267,0.45464917369347868],
[0.51657288459214956,0.50019850271255617],
[0.48775521760961393,0.5021640511008818],
[0.49735929624495329,0.49255725692728358],
[0.49124700313789249,0.49430314969142286],
[0.5283120877606976,0.509779545449295],
[0.49430099657225862,0.51130654216647808],
[0.52218836691559134,0.508244681743925],
[0.48558655506703391,0.50388746099131265],
[0.71764012363945007,0.601613339353242],
[0.48563352429183271,0.60163682396564133],
[0.40277149009090296,0.44420250719136783],
[0.48474627081512273,0.44375888045301282],
[0.33335131282679176,0.40904879182095721],
[0.50651366409691834,0.41993248846185505],
[0.57006572582722548,0.53828969496207191],
[0.48429298370368817,0.52717935476545685],
[0.485160832892535,0.4847269082981116],
[0.49516795630193611,0.49016439459723554],
[0.70493839409830483,0.60005317520012047],
[0.49428603964091311,0.599612216869609],
[0.42051099720614615,0.45739851842352963],
[0.49732249029991804,0.4589167437530321],
[0.40019790120235965,0.44876019575113885],
[0.49299093680956441,0.44659441900596203],
[0.71313368078194794,0.60306230879575617],
[0.50204788723499538,0.60759078400847166],
[0.4908314459856381,0.49643966661031674],
[0.48781258448044129,0.4893220152330397],
[0.500752988061008,0.49428278627072464],
[0.48910662624041162,0.49492980715070978],
[0.40599988807216586,0.44755325715628874],
[0.49515112051688021,0.45057550429452303],
[0.60289530671787117,0.54902321361737572],
[0.49169461834321143,0.54729496253054133],
[0.3817099748727657,0.43670229660798854],
[0.48780059011864541,0.43475528249570555],
[0.58921174735564208,0.53850616873714374],
[0.48867566747819263,0.53894370741691733],
[0.34128396847834908,0.41497981797827088],
[0.4990557183613023,0.42016984341982566],
[0.42758270699718776,0.46331921267924503],
[0.48691532058644083,0.45724901379181426],
[0.49602925152188571,0.49147228605416327],
[0.49342463175097628,0.494726941636431],
[0.49255657020559979,0.49299060097828806],
[0.490820565169338,0.49168856768746888],
[0.44499196151577075,0.46790626334255436],
[0.49212193610668675,0.46855694881122878],
[0.36246780873451095,0.42729487242059883],
[0.47119650986506173,0.41683215929978634],
[0.45596850069481726,0.46358250527993949],
[0.4912454124689426,0.4736069565818799],
[0.7649945572596869,0.62811998486431475],
[0.49688943626743143,0.63094199676355922],
[0.55553146032890777,0.52621044829816954],
[0.48996216098977718,0.52274681065934248],
[0.25044784878418636,0.37020500488698177],
[0.53475649029206707,0.39260216953812671],
[0.70172693046709489,0.618241710379581],
[0.49731419572510749,0.59952056309610113],
[0.60001492775005616,0.54866456173758182],
[0.48049108668987622,0.54025300721996616],
[0.57890788255937,0.52969948462462313],
[0.47493292206324078,0.52692040231130544],
[0.27877105850103917,0.37685199028214],
[0.49428955369739769,0.38653030609921846],
[0.38774226988557403,0.44101591179148586],
[0.50819919366191346,0.44797073177374375],
[0.57614069838449244,0.542169946023203],
[0.48562492883766739,0.53088281361107992],
[0.49775745634921109,0.49169119259343924],
[0.50252320095099257,0.50014032865010183],
[0.4644405521797349,0.48348187656536373],
[0.48865491893271523,0.47654773555622509],
[0.23232154598476981,0.36048823245874251],
[0.48774707412949186,0.36003431005713082],
[0.32835907471754505,0.40805307442351846],
[0.518035973820429,0.42319752426898705],
[0.51187681008485275,0.51495639195264087],
[0.50396901001047745,0.5079229100476651],
[0.39776628997093971,0.45086764999070861],
[0.49167654554564516,0.44472141775829244],
[0.434783946343073,0.46323024594435908],
[0.49299734415596075,0.46389064524951684],
[0.4307855877676694,0.46189146596181507],
[0.50580295352048765,0.46829427064407853],
[0.43808740285160869,0.4719451781860482],
[0.47753345584313,0.45781042934736937],
[0.47046428148550246,0.47399886866431623],
[0.49299914001750383,0.48173171075150312],
[0.52483459871624649,0.50891686936687519],
[0.49432520160141491,0.5095799001588307],
[0.3839754840559666,0.43915034282869075],
[0.49211302895764908,0.43804425650680784],
[0.53020873149118353,0.5111608802244163],
[0.49299963957353149,0.51160418553235754],
[0.69652675687148324,0.59476319822250734],
[0.47231964198243814,0.58442319942696064],
[0.48550869845534883,0.47891417021889349],
[0.49079399053152245,0.48815134449343567],
[0.61954331003925822,0.55516865028539031],
[0.48290044250205783,0.551221876270658],
[0.5123143320615664,0.49760738728181209],
[0.50309045609470116,0.50770239407813378],
[0.51273536895053218,0.50791291252261672],
[0.51666515676865088,0.51470026285959158],
[0.43027840933585787,0.47347178305225435],
[0.500897984711181,0.46558819702351939],
[0.44012477557908469,0.47051138014513283],
[0.4741082002874793,0.45711648793328197],
[0.76414968343049283,0.619128941858986],
[0.47643464218905457,0.62029216280977373],
[0.64934518363034266,0.56288991290969859],
[0.48734729779658892,0.56834624071346584],
[0.72903024056503907,0.608188769180814],
[0.513240776423002,0.62113550849402055],
[0.26757046393689071,0.3904056201799464],
[0.45921839705686,0.36339443049687536],
[0.35256264565366535,0.40589052135526271],
[0.49604525338150068,0.424303949517583],
[0.47121131641179609,0.48362828489664839],
[0.50084646751702888,0.48602889196441246],
[0.36364696210610492,0.4322467148115669],
[0.49824907416513453,0.43094801813561973],
[0.45543384184512142,0.476841458005128],
[0.48116562188889689,0.46829973186700913],
[0.530646660126649,0.505906141007773],
[0.51357143511758663,0.52210904762211774],
[0.42006472469371436,0.4668180799056505],
[0.50132861666397788,0.46069667067884612],
[0.49650302048260131,0.49891581857328959],
[0.48685776314632795,0.49168039181446466],
[0.56017856145974942,0.52351816230303871],
[0.4824938009555278,0.52133618120763858],
[0.49386989100731221,0.48818184598142],
[0.50174956004035254,0.4978097255238324],
[0.43854712306312055,0.47014834155173657],
[0.4929948943401366,0.46577100870162857],
[0.2838833489026133,0.38843912162137495],
[0.48064953565359192,0.38226644227810258],
[0.44944358857469874,0.4650465621141453],
[0.50095240082514725,0.47519799469992297],
[0.59251627524065409,0.54673433803290061],
[0.49431850322557608,0.54341738923311511],
[0.37604039363793779,0.43517944843175693],
[0.49432450006473294,0.43518244685133534],
[0.49476637919567829,0.49454543963020559],
[0.48592880925411808,0.49034759422489815],
[0.63063969580692392,0.55828425253052094],
[0.485074522204249,0.55785710900558649],
[0.46836800674242951,0.47672126447333929],
[0.48991305354453191,0.47914053014348068],
[0.47802272619542624,0.48396788986997907],
[0.48109907709719818,0.47956090164631221],
[0.695671807640705,0.58838544236895163],
[0.492118324245587,0.593895065943146],
[0.73599291420369728,0.61405561922464214],
[0.49995053623364988,0.61797172521867361],
[0.68387496397109482,0.59191275010237232],
[0.50422902210749521,0.594051993039295],
[0.36116825450720197,0.43269863830734856],
[0.4899535260590786,0.42556089028314026],
[0.73361961285098931,0.611786569455034],
[0.48222448961050851,0.60792205123074894],
[0.40986434958624951,0.44604441959837904],
[0.49903394513619143,0.45444914736122044],
[0.4516601036605522,0.47534702439837184],
[0.49731139761230408,0.47448575063642817],
[0.17092929772438242,0.33412034766834325],
[0.50916263279650287,0.34004596526044262],
[0.55001592680338507,0.529589279799944],
[0.49168435626233903,0.520850141532862],
[0.58156556037502893,0.536624958318684],
[0.48038144893414886,0.53097350465458892],
[0.40314614204916704,0.44176379549165795],
[0.50215517003441568,0.45265065604179133],
[0.51043674013716611,0.50629595508579084],
[0.48776170046449208,0.49909922030082909],
[0.65753812298947489,0.57264991172698343],
[0.51077555597173763,0.58415683948060626],
[0.32849039997571994,0.41963297797372878],
[0.48645647904431621,0.40747343951001808],
[0.4629661844684112,0.47471133175636371],
[0.48645016315604223,0.47470817381222674],
[0.21994969764154151,0.35319993039879188],
[0.49431753762944663,0.35713361763549406],
[0.70381762104591972,0.59906757933768318],
[0.49911735317791389,0.60146748711191678],
[0.45678031050975748,0.47794883184383569],
[0.51924413305675854,0.488012221783258],
[0.3612769929556009,0.44026056300617972],
[0.49958266382478139,0.43042982839019117],
[0.61743317323550828,0.55850791853014481],
[0.49605598869577572,0.55674458096564194],
[0.57968929822001525,0.53787264345789554],
[0.51566986709433549,0.54767958265717542],
[0.33857552034057542,0.42712269371745548],
[0.48161045945351971,0.41009298989704757],
[0.67913782875775264,0.58037414410563615],
[0.48210387460255655,0.58062085168015454],
[0.61243551756497971,0.54726969608376819],
[0.48474146088166742,0.54858848922332359],
[0.45917787489903372,0.4719596678903506]]
mbtIn = [[0.51022996325777559],
[0.503575858664967],
[0.44265090726375778],
[0.44347411943367754],
[0.53405788290768674],
[0.53385654082375811],
[0.48216159551596016],
[0.49152318221946822],
[0.40320738390934563],
[0.39257306970650363],
[0.4956973575940537],
[0.50281005024365943],
[0.55962454545897522],
[0.55669564545973582],
[0.59719844762480234],
[0.59367935806277572],
[0.443440642780756],
[0.44405318107272906],
[0.47844700921436462],
[0.48260044889023646],
[0.52525142610205156],
[0.52856778099177215],
[0.34424830541219009],
[0.33193666608521188],
[0.50948241065347],
[0.50740046313056886],
[0.44698819867554218],
[0.45765809810451263],
[0.38624412453967572],
[0.39237652548119789],
[0.60207558521890836],
[0.59510362840275621],
[0.62912141060140725],
[0.62205142407356062],
[0.38388782342402566],
[0.39975298474213639],
[0.47944306855452157],
[0.47253435867152616],
[0.51411436764368534],
[0.5074144469387164],
[0.42829588195659979],
[0.43037792487582049],
[0.46887124023356785],
[0.46592317328397714],
[0.64491897470533566],
[0.64622592975240734],
[0.46081958433302644],
[0.46268859023733627],
[0.53349047289367646],
[0.5214463469320556],
[0.55253098646759347],
[0.56624902844242286],
[0.43713076653552674],
[0.4367119088626184],
[0.52485220326698878],
[0.52963164379519123],
[0.43926855677311538],
[0.43886300083765389],
[0.31922866594044769],
[0.30872107571553847],
[0.54929363066958492],
[0.55457276766192232],
[0.41655970247052987],
[0.418874014074053],
[0.54489925249125171],
[0.5377403059387742],
[0.58953728808180084],
[0.59501935305682574],
[0.45925816188815005],
[0.46030418675099793],
[0.50430004033938192],
[0.49696698986396504],
[0.53737163920497144],
[0.54449698737079311],
[0.46301982236772421],
[0.46406601742480752],
[0.48188561195062118],
[0.48607772148873007],
[0.43026326902567713],
[0.4220766284122785],
[0.50201981993588252],
[0.49887036873954715],
[0.5215918054977069],
[0.53335449499312459],
[0.52291704769691583],
[0.51494642958157211],
[0.500517613569919],
[0.50072833311098508],
[0.42566865468715154],
[0.43091421783474115],
[0.61912827863894471],
[0.61848245323612483],
[0.52866936323510494],
[0.5220054667074715],
[0.57167367593202745],
[0.58267527036757727],
[0.49235427965520107],
[0.4873822210564977],
[0.54732788704675617],
[0.55186716556243809],
[0.4489116193633827],
[0.44188701683780729],
[0.52875967479355923],
[0.52752284054940646],
[0.51501696775401928],
[0.51419508758282373],
[0.5402106770816093],
[0.54207132883445341],
[0.42439699038117773],
[0.42211911867637819],
[0.466390103212449],
[0.46969442858251331],
[0.52956329022780047],
[0.52956418071202227],
[0.5399369522538181],
[0.53787934699577467],
[0.43880902139801581],
[0.43549812346774086],
[0.39846960885200244],
[0.40695173710650312],
[0.41456829295884734],
[0.40978061188831694],
[0.4636675320093212],
[0.4663817435299159],
[0.50029149976868315],
[0.50029121896740847],
[0.55174389050051786],
[0.55194997040532878],
[0.46439341664356149],
[0.46376899324888488],
[0.46105430966152239],
[0.46669700214720022],
[0.48588888846619205],
[0.4881899373674925],
[0.518033794503491],
[0.51029896098417127],
[0.41545784020379328],
[0.41504033947025487],
[0.52139464776020739],
[0.51302521086650343],
[0.54407401992588245],
[0.55787055738426528],
[0.48880902016712041],
[0.49277521678180647],
[0.46593545525717805],
[0.45570576562394283],
[0.48921108229164878],
[0.48921092024470814],
[0.42473624406986182],
[0.42956278635131911],
[0.49549688266780934],
[0.49738563154463233],
[0.48816000736324572],
[0.49508566083681627],
[0.46996475357261125],
[0.4582118317332049],
[0.47807513255191181],
[0.47912839958235481],
[0.553220312433369],
[0.545036140151668],
[0.48039555599965678],
[0.48269816596015869],
[0.50931752152068455],
[0.5074354726062702],
[0.4980097845475433],
[0.50408785344821938],
[0.42877374992852285],
[0.43024814584138749],
[0.51231073255542925],
[0.50873605584391135],
[0.47555947412339394],
[0.47492686179445431],
[0.51437979107641263],
[0.51144282920381123],
[0.50284474423713887],
[0.507465521686154],
[0.44530467628953496],
[0.45056677900456876],
[0.49487359389670282],
[0.49108347980685929],
[0.42814560558700465],
[0.43026225454555556],
[0.46922268608586715],
[0.46647555203552832],
[0.47545277478289638],
[0.47269950663838017],
[0.46994406074709116],
[0.47503109509043495],
[0.56835998093567563],
[0.56813739400024277],
[0.46569315279446133],
[0.46590829045541882],
[0.43807280709334329],
[0.44444461639573929],
[0.51820254604726235],
[0.51522467274051087],
[0.45967322351017759],
[0.45734996447169884],
[0.41687861461130282],
[0.40730165050227285],
[0.48338907735144621],
[0.48765075894087584],
[0.490636532726229],
[0.49490377623251225],
[0.50727247839729173],
[0.51132059676774255],
[0.51215834961954165],
[0.50427202851993891],
[0.53992130994855358],
[0.53886322256678132],
[0.49276961966346522],
[0.496804250906146],
[0.48640353838953571],
[0.49150219736227629],
[0.4700006220774075],
[0.46533025819986817],
[0.53063008562586722],
[0.526168450760879],
[0.46569660025091125],
[0.46973167560722018],
[0.49659539856296248],
[0.49638246502842465],
[0.47602265908479136],
[0.47623682850732307],
[0.430530828646608],
[0.42882894220277235],
[0.48167784908005029],
[0.48125055701296426],
[0.44204753158305821],
[0.44547494818668],
[0.38020724724865074],
[0.35376946236502149],
[0.42449916324795584],
[0.45183712503676665],
[0.54277539295606381],
[0.54168374660320673],
[0.47704797972912527],
[0.47575302587513058],
[0.51371728351579227],
[0.50680604725424594],
[0.4699125936408593],
[0.47704022954334796],
[0.49320554885308066],
[0.4867192922937349],
[0.49212667688874734],
[0.50012675111592675],
[0.5414035935210002],
[0.54398184014272521],
[0.52460198793899981],
[0.52007127774323458],
[0.4298030841687836],
[0.43153633434825456],
[0.52548960417450119],
[0.52030881251651029],
[0.481779976822059],
[0.47919053919259158],
[0.43292051843729851],
[0.44048096526561931],
[0.45151161962366115],
[0.44457372803006112],
[0.44194051956876435],
[0.44671657326425007],
[0.46355488388321986],
[0.46508248304238675],
[0.53732763550286533],
[0.53449449319247777],
[0.50321027050337808],
[0.50212399474975578],
[0.502334817744345],
[0.50646322581711722],
[0.47674362896722722],
[0.47109296379771581],
[0.49821068750108766],
[0.49755994513482471],
[0.5434935429276706],
[0.55087283318814051],
[0.383129921105666],
[0.38140813857319023],
[0.44131627614050417],
[0.44394813273107891],
[0.53240028476104861],
[0.52714920829191236],
[0.51022184060397457],
[0.51087714309084209],
[0.4984464836026638],
[0.50259004276400432],
[0.42901929684525358],
[0.42925311806939631],
[0.51594764666503456],
[0.50938402667762039],
[0.54592556555585026],
[0.54702249834352368],
[0.45770794832581513],
[0.45464917369347868],
[0.50019850271255617],
[0.5021640511008818],
[0.49255725692728358],
[0.49430314969142286],
[0.509779545449295],
[0.51130654216647808],
[0.508244681743925],
[0.50388746099131265],
[0.601613339353242],
[0.60163682396564133],
[0.44420250719136783],
[0.44375888045301282],
[0.40904879182095721],
[0.41993248846185505],
[0.53828969496207191],
[0.52717935476545685],
[0.4847269082981116],
[0.49016439459723554],
[0.60005317520012047],
[0.599612216869609],
[0.45739851842352963],
[0.4589167437530321],
[0.44876019575113885],
[0.44659441900596203],
[0.60306230879575617],
[0.60759078400847166],
[0.49643966661031674],
[0.4893220152330397],
[0.49428278627072464],
[0.49492980715070978],
[0.44755325715628874],
[0.45057550429452303],
[0.54902321361737572],
[0.54729496253054133],
[0.43670229660798854],
[0.43475528249570555],
[0.53850616873714374],
[0.53894370741691733],
[0.41497981797827088],
[0.42016984341982566],
[0.46331921267924503],
[0.45724901379181426],
[0.49147228605416327],
[0.494726941636431],
[0.49299060097828806],
[0.49168856768746888],
[0.46790626334255436],
[0.46855694881122878],
[0.42729487242059883],
[0.41683215929978634],
[0.46358250527993949],
[0.4736069565818799],
[0.62811998486431475],
[0.63094199676355922],
[0.52621044829816954],
[0.52274681065934248],
[0.37020500488698177],
[0.39260216953812671],
[0.618241710379581],
[0.59952056309610113],
[0.54866456173758182],
[0.54025300721996616],
[0.52969948462462313],
[0.52692040231130544],
[0.37685199028214],
[0.38653030609921846],
[0.44101591179148586],
[0.44797073177374375],
[0.542169946023203],
[0.53088281361107992],
[0.49169119259343924],
[0.50014032865010183],
[0.48348187656536373],
[0.47654773555622509],
[0.36048823245874251],
[0.36003431005713082],
[0.40805307442351846],
[0.42319752426898705],
[0.51495639195264087],
[0.5079229100476651],
[0.45086764999070861],
[0.44472141775829244],
[0.46323024594435908],
[0.46389064524951684],
[0.46189146596181507],
[0.46829427064407853],
[0.4719451781860482],
[0.45781042934736937],
[0.47399886866431623],
[0.48173171075150312],
[0.50891686936687519],
[0.5095799001588307],
[0.43915034282869075],
[0.43804425650680784],
[0.5111608802244163],
[0.51160418553235754],
[0.59476319822250734],
[0.58442319942696064],
[0.47891417021889349],
[0.48815134449343567],
[0.55516865028539031],
[0.551221876270658],
[0.49760738728181209],
[0.50770239407813378],
[0.50791291252261672],
[0.51470026285959158],
[0.47347178305225435],
[0.46558819702351939],
[0.47051138014513283],
[0.45711648793328197],
[0.619128941858986],
[0.62029216280977373],
[0.56288991290969859],
[0.56834624071346584],
[0.608188769180814],
[0.62113550849402055],
[0.3904056201799464],
[0.36339443049687536],
[0.40589052135526271],
[0.424303949517583],
[0.48362828489664839],
[0.48602889196441246],
[0.4322467148115669],
[0.43094801813561973],
[0.476841458005128],
[0.46829973186700913],
[0.505906141007773],
[0.52210904762211774],
[0.4668180799056505],
[0.46069667067884612],
[0.49891581857328959],
[0.49168039181446466],
[0.52351816230303871],
[0.52133618120763858],
[0.48818184598142],
[0.4978097255238324],
[0.47014834155173657],
[0.46577100870162857],
[0.38843912162137495],
[0.38226644227810258],
[0.4650465621141453],
[0.47519799469992297],
[0.54673433803290061],
[0.54341738923311511],
[0.43517944843175693],
[0.43518244685133534],
[0.49454543963020559],
[0.49034759422489815],
[0.55828425253052094],
[0.55785710900558649],
[0.47672126447333929],
[0.47914053014348068],
[0.48396788986997907],
[0.47956090164631221],
[0.58838544236895163],
[0.593895065943146],
[0.61405561922464214],
[0.61797172521867361],
[0.59191275010237232],
[0.594051993039295],
[0.43269863830734856],
[0.42556089028314026],
[0.611786569455034],
[0.60792205123074894],
[0.44604441959837904],
[0.45444914736122044],
[0.47534702439837184],
[0.47448575063642817],
[0.33412034766834325],
[0.34004596526044262],
[0.529589279799944],
[0.520850141532862],
[0.536624958318684],
[0.53097350465458892],
[0.44176379549165795],
[0.45265065604179133],
[0.50629595508579084],
[0.49909922030082909],
[0.57264991172698343],
[0.58415683948060626],
[0.41963297797372878],
[0.40747343951001808],
[0.47471133175636371],
[0.47470817381222674],
[0.35319993039879188],
[0.35713361763549406],
[0.59906757933768318],
[0.60146748711191678],
[0.47794883184383569],
[0.488012221783258],
[0.44026056300617972],
[0.43042982839019117],
[0.55850791853014481],
[0.55674458096564194],
[0.53787264345789554],
[0.54767958265717542],
[0.42712269371745548],
[0.41009298989704757],
[0.58037414410563615],
[0.58062085168015454],
[0.54726969608376819],
[0.54858848922332359],
[0.4719596678903506],
[0.48043253601452612]]