mbtIn = [[0.51704056850497859,0.75851539811043833],
[0.044189296584277296,0.28061493254462794],
[0.508189419587374,0.27618935808582562],
[0.23071550095780863,0.36945246027259127],
[0.51044093606540786,0.37057821851160822],
[0.27229668847746286,0.39136881227143538],
[0.47673037524850559,0.37451353186298419],
[0.68415253900755191,0.58044145712802875],
[0.53009757002289837,0.60712505451522514],
[0.39770283131020034,0.46390020066654936],
[0.45670001099257762,0.427201421151389],
[0.62178511816240434,0.539242564577491],
[0.51917758750895082,0.57048135283567758],
[0.32358655377332846,0.42138207064113964],
[0.43714976345915041,0.3803681586162394],
[0.098338054072481654,0.26774390876581605],
[0.52743761101610176,0.3128878325442917],
[0.94052939924147261,0.73398350512878718],
[0.43812526367661753,0.68932733145904512],
[0.43075387223812145,0.43443956795736949],
[0.48769543659927755,0.45922465441869953],
[0.41526310858007076,0.45147927258967413],
[0.46884791684175947,0.44205551271091514],
[0.17275720798623798,0.32080256241399874],
[0.44106986844054141,0.30691353821338968],
[0.58276123926108914,0.51191555385081533],
[0.48897756635668943,0.53586940280888928],
[0.58563989691503848,0.537308731635864],
[0.44117480759098537,0.51340735225301193],
[0.62139976907408256,0.53128728833253391],
[0.55652780072332875,0.58896378489870571],
[0.40221772829999292,0.47937276451166083],
[0.48854692316451576,0.44538232573225434],
[0.03121425983442945,0.25988059149947262],
[0.559623073936295,0.29541866688536222],
[0.7396000031943637,0.64961153856532938],
[0.51470850447172722,0.62715425383304546],
[0.77534816478215973,0.64502833462694342],
[0.4323578160317329,0.60385299040694629],
[0.073291509773908373,0.25282466290282063],
[0.553472794542797,0.31338215215835269],
[0.34655549244163342,0.45001414349221519],
[0.46302544045767169,0.40479046644965255],
[0.058344495926562025,0.26068496819211684],
[0.55469913626324385,0.30652181609490292],
[0.11651496894211179,0.33560705260267781],
[0.50979760026346443,0.3131562846027881],
[0.711625609457353,0.61071160486040865],
[0.54320439290734135,0.62741500118234717],
[0.46395990005041865,0.50358214647888],
[0.46756146084269196,0.46576068044655528],
[0.90478336299585982,0.68617241191927592],
[0.54097266213150419,0.722878012563682],
[0.86940707275446938,0.70518986744298684],
[0.421725945390984,0.64556650907272672],
[0.43609896142335552,0.42891245340716977],
[0.44752140612887414,0.44181018377611481],
[0.732543906709228,0.590032656419051],
[0.43492397400770044,0.58373394035846426],
[0.3161757778690571,0.37554987593837874],
[0.41848712301940655,0.36733145044423182],
[0.75284188158609466,0.58566450230275058],
[0.43576836394227569,0.59430512276418512],
[0.3301777158908053,0.38297303991654053],
[0.40155954358058393,0.36586862973569462],
[0.72935431414483576,0.56545692886270982],
[0.56702230811974375,0.6481883111322897],
[0.85507420095641606,0.71104825453807985],
[0.44360604576419516,0.64934012336030555],
[0.37091624366178017,0.40726114471298769],
[0.47787153748734523,0.42439389057456267],
[0.47786767397191476,0.47786960572963],
[0.47476193764140961,0.47631480580666219],
[0.70234387717730085,0.58855290740935517],
[0.47968160077589039,0.59101273897659556],
[0.44315468210960224,0.46141814144274629],
[0.5133207029706196,0.47823769254011095],
[0.3589887077204581,0.43615470534553885],
[0.46724511324035828,0.41311691048040822],
[0.34244096008388647,0.4048430366621224],
[0.44771468211063253,0.39507782109725953],
[0.53652355510512884,0.49211911860788071],
[0.44947590536755888,0.49299973023634386],
[0.40839742554119368,0.42893666545437625],
[0.41087517193056639,0.40963629873588003],
[0.3842013861811,0.39753827905583317],
[0.4813161627588135,0.43275877446995675],
[0.89076792301660868,0.68604204288771109],
[0.47742796511549274,0.68409794406605073],
[0.5565944506181234,0.5170112078668081],
[0.47124622706282943,0.51392033884047639],
[0.98290074759753632,0.72707348733018284],
[0.49382802851126822,0.7383643880544023],
[0.62004747844826424,0.55693775347976626],
[0.49992369109605195,0.5599855847721581],
[0.56312400358438819,0.53152384734022007],
[0.465600714196885,0.51436235889063653],
[0.24177375183609348,0.35368723301648924],
[0.43989343393715735,0.3408335928866254],
[0.61952707297533849,0.52971025345624789],
[0.55038864632155682,0.58495785964844771],
[0.04897349151670817,0.29968106891913249],
[0.42593129588149742,0.23745239369910279],
[0.42369698679845325,0.4248141413399753],
[0.504891349583692,0.46429416819107261],
[0.79976796405215533,0.65232965681792365],
[0.54514044362348069,0.67245420383781807],
[0.23214176488351121,0.38864110425349596],
[0.54315093253875035,0.38764634871113079],
[0.56054856867841485,0.55184975060858266],
[0.51145331156930585,0.53600094012386035],
[0.29965891751909912,0.40555611454420248],
[0.50399775996872143,0.40182833874391027],
[0.43975011253605562,0.47187393625238849],
[0.54324112487902143,0.49149561870753855],
[0.64894925784309865,0.59609519136106],
[0.49779911468606974,0.57337418626458425],
[0.47445777536910072,0.48612844502758523],
[0.4722530887891162,0.47335543207910846],
[0.21209998577231615,0.34217653728071618],
[0.42867767177897514,0.32038882877564567],
[0.47477067793711542,0.45172417485804528],
[0.45796662099387936,0.46636864946549739],
[0.87470846217855869,0.666337541586219],
[0.50616950697575636,0.69043898457715747],
[0.76011750706798964,0.63314350702187294],
[0.48243470147462619,0.621276104271308],
[0.79816560946943338,0.64030015547202979],
[0.49033948311470005,0.64425254629206674],
[0.49862494653803779,0.49448221482636889],
[0.5025490998787141,0.500587023208376],
[0.3036304234729712,0.40308976167584265],
[0.51263397453571957,0.40813219900434539],
[0.142338551752395,0.32748626314405727],
[0.50352056047112925,0.32292955611176211],
[0.53865558106798117,0.52108807076955521],
[0.46922283500902168,0.50393920803850145],
[0.1194565677895187,0.29433970139927018],
[0.5376753001116451,0.32856593395058192],
[0.78017769518351177,0.65892649764757838],
[0.54267141987533718,0.66142455752942442],
[0.25094472967161247,0.39680807477347479],
[0.46511233075798458,0.35802853021479852],
[0.35573508206844739,0.410423706413216],
[0.49250413973146767,0.42411961089995753],
[0.61752470454081421,0.55501442213614094],
[0.51066284628746939,0.56409377541414174],
[0.44488468676188664,0.477773766524678],
[0.49605044057965963,0.47046756367077314],
[0.7030495815392207,0.59955001105944017],
[0.53439145630708229,0.6187205189231515],
[0.58900315550427707,0.56169730590567968],
[0.48810589289520967,0.53855452419974337],
[0.49603525783723162,0.49207057536622067],
[0.56912937270691644,0.532582315272074],
[0.42871160539401759,0.49892048905046704],
[0.53078860007370188,0.47975010273385976],
[0.52945090304905429,0.530119751561378],
[0.49427162008496617,0.51186126156701017],
[0.46133787142891214,0.47780474575693915],
[0.4894303973693872,0.47538413439914967],
[0.41921152163018022,0.45432095949978368],
[0.5154234013910225,0.46731746151060138],
[0.4473010449658183,0.48136222317842037],
[0.45338411515262622,0.45034258005922223],
[0.75916600226642617,0.60627505870952625],
[0.5162198298254288,0.63769291604592748],
[0.37152434852014915,0.443872089172789],
[0.46353447927579705,0.4175294138979731],
[0.55909836405160984,0.51131642166370339],
[0.47275065469151067,0.51592450937156031],
[0.5481933003998144,0.51047197754566254],
[0.477146457644098,0.51266987902195615],
[0.48592242918233564,0.48153444341321683],
[0.46662024025257509,0.47627133471745536],
[0.47099112268532872,0.46880568146895191],
[0.48943330378403432,0.48021221323468155],
[0.43954917534447607,0.4644912395642552],
[0.53559007207857356,0.48756962371152479],
[0.49163185400761678,0.51361096304309517],
[0.5004318881270623,0.49603187106733954],
[0.12105694352421441,0.31074441582563833],
[0.50669377512289349,0.31387535932355393],
[0.29224131380373081,0.39946754446331212],
[0.5169605633043961,0.40460093855406343],
[0.65670807199731762,0.58683431765085681],
[0.485854439857286,0.57128125592730183],
[0.30332292292734475,0.3945886813923154],
[0.50674028560444517,0.40503160426589496],
[0.29643893768643553,0.40158961164544038],
[0.46976297913384474,0.38310095841014014],
[0.31788293378754084,0.39382295646069276],
[0.49652671814994065,0.40720482596874075],
[0.41402849568166333,0.455277606915802],
[0.54215559971120875,0.47809204769643604],
[0.48756797875235836,0.5148617892317835],
[0.49787280218448282,0.49272039046842059],
[0.3403353438765368,0.41910407303050978],
[0.4893492882963843,0.41484231608646055],
[0.51809030237008957,0.503719795333237],
[0.47051583078301451,0.49430306657655204],
[0.58067916107253381,0.52559749592777416],
[0.4866642121730288,0.5336716866227813],
[0.48397322146221644,0.48531871681762262],
[0.50774982597833052,0.49586152372027348],
[0.53772217606864292,0.52273600102348672],
[0.52027551445398879,0.52899884526131591],
[0.463868867128281,0.4920721907911349],
[0.48398026223704538,0.4739245646826632],
[0.22035417185885361,0.35216721704794951],
[0.45072346511798939,0.33553881848842149],
[0.54197897050031285,0.49635121780915115],
[0.49744682953875813,0.51971290001953552],
[0.64935158057213049,0.57339920505544428],
[0.54849478577869615,0.59892318317541338],
[0.66099076162939774,0.60474277370404694],
[0.51174590982642076,0.58636833572790925],
[0.67712043053105675,0.59443317017873876],
[0.48803791902490751,0.58257917477798216],
[0.47421928756867993,0.48112860329679374],
[0.49517726543778717,0.48469827650323355],
[0.61400435757884264,0.55459081150831491],
[0.48359384554319113,0.54879910156101686],
[0.52944370396982565,0.50651877475650842],
[0.52542871506106414,0.5274362095154449],
[0.2173185331979493,0.3713736241295067],
[0.46614578794376332,0.34173216057085631],
[0.20537206485440365,0.3357589263990835],
[0.47226699037005065,0.33881952761222717],
[0.28106642618826305,0.37666670827915683],
[0.51822650756154021,0.39964646687490163],
[0.37750123930170904,0.44786387343162459],
[0.50424940386430894,0.440875321583009],
[0.581708494374169,0.54297894911923894],
[0.49519837831385394,0.53845343634401144],
[0.57894555179092011,0.537071965052387],
[0.532578695972256,0.55576212388158808],
[0.5410671195243093,0.53682290774828267],
[0.50285050273162257,0.52195881112796594],
[0.51949946338032027,0.51117498305597142],
[0.49249141907411181,0.50599544122721607],
[0.59262837821164782,0.54255989864287979],
[0.49204345291247864,0.54233591556206329],
[0.52751683615377676,0.5097801445331277],
[0.47633464344762882,0.50192573980070276],
[0.42516368938174282,0.45074916641468582],
[0.47810741886903335,0.45163555412538808],
[0.54856230515474824,0.51333486201189082],
[0.48754887618953013,0.51805559067213913],
[0.54138886908097983,0.514468872635255],
[0.48575676372940541,0.51357281640519259],
[0.33914126203922457,0.412449012884315],
[0.46865004308285424,0.40389565256103943],
[0.52221346390270251,0.49543175349277835],
[0.4821361141005116,0.50217478900160706],
[0.63487824238227009,0.55850717824139084],
[0.49114464924613827,0.56301144581420415],
[0.58247070678640178,0.53680767801627],
[0.50102170717427308,0.54174620698033737],
[0.51895971488291659,0.50999071102859483],
[0.51715774736976161,0.51805873112633916],
[0.52922485093463634,0.523191299152199],
[0.48084959779898323,0.50503722436680976],
[0.35167125824762996,0.41626042802330659],
[0.49294241163964986,0.42230683494363991],
[0.40593940670991618,0.449440909174783],
[0.47945153392760187,0.442695470318759],
[0.34744462430090234,0.41344807911425208],
[0.47941464366770919,0.41342963398430577],
[0.67572074435185669,0.57756769400978292],
[0.46196314741885708,0.56884194588535686],
[0.20709813653325329,0.3345306419760552],
[0.50379832914120026,0.35544823283722676],
[0.53179431991423742,0.51779632452771884],
[0.48525604708266423,0.50852518349845077],
[0.67882539255827923,0.58204071982047179],
[0.49249020840362612,0.58565780048095273],
[0.33664459650099321,0.41456740245230966],
[0.50423846434996678,0.42044153042548],
[0.29482322361460939,0.39953084398228811],
[0.49475186880172706,0.39478754620816825],
[0.19642930527221436,0.34559058703697071],
[0.53889345022192392,0.36766137774706914],
[0.62580966244445724,0.58235155633319058],
[0.49111891030838778,0.55846428637642254],
[0.4893007454360932,0.49020982787224049],
[0.50475766472050088,0.49702920507829706],
[0.27739673475148729,0.39107719973599409],
[0.50571044885885919,0.39155359180517324],
[0.49202326991771905,0.49886685938828912],
[0.48974271508795275,0.4908829925028359],
[0.662265544067596,0.57600412957777436],
[0.48793355185654919,0.57509954796207263],
[0.35049859865088984,0.41921607525371951],
[0.46425478639591133,0.40737669252340059],
[0.59832541491836644,0.53129010065713889],
[0.47427830325093639,0.53630185908465144],
[0.52934603953487425,0.50181217139290535],
[0.47837414643698289,0.5038600929859286],
[0.83515112106088107,0.656762633748932],
[0.48027686348381554,0.65771399227234828],
[0.439352995583576,0.45981492953369574],
[0.47800102226348956,0.4586770089235328],
[0.53726012674859158,0.50763057450604054],
[0.506973659401967,0.52211689307527931],
[0.45816783302143188,0.48257074621169949],
[0.48478900907784594,0.47147842104963888],
[0.31284077624731621,0.39881489266258108],
[0.47840727930702859,0.39562402777717243],
[0.27561081005990234,0.37700904468346547],
[0.4933916801411653,0.38450124510053385],
[0.35598947860083868,0.42469057937100196],
[0.52217848796457389,0.43908398328270626],
[0.69664470599446371,0.60941159697951885],
[0.51251657108741933,0.60458063854094157],
[0.45479775871360062,0.48365716490051],
[0.47018479095832982,0.46249127483596519],
[0.46064598763670811,0.46541538929751897],
[0.48245237114216982,0.47154917938943897],
[0.57353669233750126,0.52799453173983557],
[0.4993130229401857,0.53642485763884351],
[0.51933950148811048,0.50932626221414812],
[0.50249673485681134,0.51091811817246091],
[0.55774307490752284,0.53011990488216709],
[0.50248597734903333,0.530114526128278],
[0.46796672000330924,0.48522634867617132],
[0.51021844714231368,0.48909258357281149],
[0.48202887897301766,0.49612366305766564],
[0.512943795898445,0.49748633743573134],
[0.66577851695443346,0.58936115642643916],
[0.48568688727392118,0.57573270211417737],
[0.66775433339775314,0.5767206103358371],
[0.49248756752499778,0.58012095046137546],
[0.32061959698767584,0.40655358225633681],
[0.502459919803903,0.41153975839578943],
[0.35721629523513404,0.42983810751951856],
[0.5024790184556639,0.42984765684539894],
[0.41290607369638416,0.45769254607602405],
[0.507037761109457,0.45997191740292054],
[0.48293554577684494,0.49498665344315096],
[0.47929888929661896,0.481117217536732],
[0.34141635825030459,0.41035762377346174],
[0.519378366874833,0.43039736256256877],
[0.502966291071207,0.51117232897302],
[0.48154466687700542,0.49225547897410626],
[0.59650339362137517,0.53902403024919032],
[0.519779478528774,0.5581414360750746],
[0.85878395680609509,0.68928171766743462],
[0.5639194889612833,0.7113517228836892],
[0.35286731661513071,0.458393402788207],
[0.51102507931082131,0.431946197962976],
[0.054724112680602337,0.2828745959957118],
[0.57015720571309925,0.31244065919685077],
[0.38790847759390579,0.47903284165350252],
[0.46598799222426213,0.42694823490908396],
[0.69958659834708481,0.58278729528567341],
[0.54026475943162888,0.61992567888935679],
[0.73771709766153437,0.63899092854658157],
[0.464851834687891,0.60128446617471265],
[0.78052548554906964,0.62268866011848034],
[0.47398946713837375,0.62725747634372175],
[0.63483857690443368,0.55441402202140377],
[0.54016740002616659,0.58750298846530014],
[0.76808722508649019,0.65412731255632839],
[0.48667064267727994,0.627378933881885],
[0.29737483510814838,0.39202273889271416],
[0.49429109432704654,0.39583296471759744],
[0.565827517677967,0.53005930600250672],
[0.51539565639261709,0.54061158703529211],
[0.7251880419011929,0.62029184914690494],
[0.52512016249988469,0.6251541022005388],
[0.86365679126312866,0.69438847688150673],
[0.52044130526033838,0.69204904826173352],
[0.21387171382136672,0.36715650954085255],
[0.50542671352952118,0.35964921367544395],
[0.446334460426253,0.4758805869778871],
[0.47156129428845539,0.45894787735735421],
[0.51168132193921623,0.49162130811383581],
[0.36425411841271577,0.43796772017596597],
[0.48847576333615145,0.42636494087443361],
[0.59022391942919794,0.53934984138267472],
[0.12225593735659231,0.35623992839289514],
[0.47137544120513952,0.29681568928086594],
[0.57775156406052242,0.524563502632831],
[0.46021046185278791,0.51898101295665522],
[0.56713146530041669,0.51367096357660236],
[0.49428976624774273,0.53071061577407974],
[0.32641901488387187,0.4103543905658073],
[0.508701005228971,0.4175600100564214],
[0.17413695663717632,0.34141898093307366],
[0.47212432528153436,0.32313064095935534],
[0.37243121882874031,0.42227777205513733],
[0.562945129189664,0.46768817400920215],
[0.45494809526806013,0.50894661222886206],
[0.50019874383301044,0.47757341955053528],
[0.612482356565436,0.55634055019922324],
[0.48750559415127082,0.54999397535835337],
[0.1898473483212777,0.33867647123627426],
[0.49248073077748861,0.34116403954938312],
[0.815343085671083,0.6539119082242858],
[0.53587974118439186,0.67561141342773745],
[0.14895692346842637,0.34241833232640911],
[0.48018693811888313,0.31457193079365475],
[0.11067599956773019,0.29543146884330668],
[0.48282856731488233,0.29675228344130627],
[0.7425925397006774,0.61271055350777992],
[0.46324975920078248,0.60292114945072994],
[0.24870565001373235,0.35597770460725742],
[0.51728899253420457,0.38299732127396846],
[0.61482073738376164,0.56605486495898316],
[0.4805560136214066,0.54768837550258409],
[0.636484834184627,0.55852042390301682],
[0.52037979581504135,0.57843231499983416],
[0.61082088588796168,0.56560034085150157],
[0.52077231847053418,0.565796602179248],
[0.59132582818302315,0.55604907332677866],
[0.47063468603252789,0.53098025710777552],
[0.19932146462781594,0.33497807533017193],
[0.505766406867162,0.352543935747489],
[0.27698906087924613,0.39137773387320407],
[0.45394798447212509,0.36546852267568564],
[0.92738449207543538,0.69066623827378026],
[0.47427649015427609,0.70083049111485574],
[0.630505974929569,0.55239123254192246],
[0.49293706153671152,0.5617215182331402],
[0.39835517644100449,0.445646118988858],
[0.52524033040743612,0.4617977534242203],
[0.77545608049776993,0.65034820545260308],
[0.5105964833283908,0.64302628191308031],
[0.39614750142847455,0.45337199237843268],
[0.48477956528544014,0.44046353335695732],
[0.647828299519212,0.566303932402326],
[0.44474249469998128,0.54628539710959667],
[0.99820796058081718,0.72147522764039929],
[0.40192678311005725,0.70006737184543721],
[0.85903738750414271,0.6304820853071],
[0.46667023112451234,0.66285380931432747],
[0.64356028718557323,0.55511525915504278],
[0.53143291934301473,0.587496603264294],
[0.74632803782198,0.6388804785824973],
[0.46989723355823071,0.60811263569010532],
[0.31228981254586785,0.39109352305204925],
[0.48072170133765468,0.39650575694176127],
[0.53790268379213557,0.50931219256489513],
[0.4933916801411653,0.51564718196665038],
[0.47592969861035334,0.48466068937575935],
[0.488585360018778,0.48225752931456567],
[0.958540977189565,0.72356316860417147],
[0.45894755996731174,0.70874426857843842],
[0.21312603391465129,0.33603679694098154],
[0.5046753206656136,0.35890067729013242],
[0.77573708732768332,0.64020620399664852],
[0.50763739250291828,0.64168723991530086],
[0.93040586536799708,0.71902162893545762],
[0.64640087627150855,0.78840337081975287],
[0.12821187505560466,0.38730637566355663],
[0.48266423519838597,0.30543805512699529],
[0.900240596339609,0.69145241576899741],
[0.47680806113895891,0.68852432873928393],
[0.95101680735136873,0.71391243424516382],
[0.4543887261843968,0.70270276676788279],
[0.56247001119780282,0.50842936869109978],
[0.49717493231819065,0.52982247175799668],
[0.013935178040832065,0.25555505517951138],
[0.44823708143381646,0.23108612973732426],
[0.9181644929164251,0.68320078717512078],
[0.54955760954351573,0.73386105122997036],
[0.40108464795160659,0.47532112874756116],
[0.47221756472301363,0.43665110633731008],
[0.51543670904025063,0.49382713688163216],
[0.49975051603827447,0.50759361253926261],
[0.40218410434881957,0.450967310193547],
[0.49466515182926252,0.44842462808904104],
[0.85305296884982473,0.67385906033954357],
[0.44887356630515363,0.65096326757748924],
[0.36781812040178358,0.40834584335346857],
[0.5052254013231724,0.43652176086247796],
[0.52926958187576079,0.51724749159946659],
[0.501838114817637,0.51555384834669882],
[0.42343222705067268,0.46263517093415485],
[0.54441068636640422,0.48392145670853848],
[0.76504143950947334,0.65472606293793878],
[0.523635483668313,0.64433846158889319],
[0.89369947718087028,0.7086674804245916],
[0.42314557655987456,0.65842252687037239],
[0.14419183971713706,0.28366870813850581],
[0.54115989805673037,0.34267586888693369],
[0.26230507153205,0.40173248479439017],
[0.44513561100551796,0.353720341268784],
[0.137299325086289,0.29121746804590348],
[0.48872044009763621,0.31300988259196261],
[0.75076706863234421,0.61974375436499018],
[0.50734471501002609,0.62905589182118515],
[0.49804192747876308,0.50269332124439459],
[0.40568968390974292,0.451865805694253],
[0.24865049302477141,0.32717008846725715],
[0.43421740849848733,0.34143395076162936],
[0.21885817675342903,0.32653779262595817]]
mbtIn = [[0.28061493254462794],
[0.27618935808582562],
[0.36945246027259127],
[0.37057821851160822],
[0.39136881227143538],
[0.37451353186298419],
[0.58044145712802875],
[0.60712505451522514],
[0.46390020066654936],
[0.427201421151389],
[0.539242564577491],
[0.57048135283567758],
[0.42138207064113964],
[0.3803681586162394],
[0.26774390876581605],
[0.3128878325442917],
[0.73398350512878718],
[0.68932733145904512],
[0.43443956795736949],
[0.45922465441869953],
[0.45147927258967413],
[0.44205551271091514],
[0.32080256241399874],
[0.30691353821338968],
[0.51191555385081533],
[0.53586940280888928],
[0.537308731635864],
[0.51340735225301193],
[0.53128728833253391],
[0.58896378489870571],
[0.47937276451166083],
[0.44538232573225434],
[0.25988059149947262],
[0.29541866688536222],
[0.64961153856532938],
[0.62715425383304546],
[0.64502833462694342],
[0.60385299040694629],
[0.25282466290282063],
[0.31338215215835269],
[0.45001414349221519],
[0.40479046644965255],
[0.26068496819211684],
[0.30652181609490292],
[0.33560705260267781],
[0.3131562846027881],
[0.61071160486040865],
[0.62741500118234717],
[0.50358214647888],
[0.46576068044655528],
[0.68617241191927592],
[0.722878012563682],
[0.70518986744298684],
[0.64556650907272672],
[0.42891245340716977],
[0.44181018377611481],
[0.590032656419051],
[0.58373394035846426],
[0.37554987593837874],
[0.36733145044423182],
[0.58566450230275058],
[0.59430512276418512],
[0.38297303991654053],
[0.36586862973569462],
[0.56545692886270982],
[0.6481883111322897],
[0.71104825453807985],
[0.64934012336030555],
[0.40726114471298769],
[0.42439389057456267],
[0.47786960572963],
[0.47631480580666219],
[0.58855290740935517],
[0.59101273897659556],
[0.46141814144274629],
[0.47823769254011095],
[0.43615470534553885],
[0.41311691048040822],
[0.4048430366621224],
[0.39507782109725953],
[0.49211911860788071],
[0.49299973023634386],
[0.42893666545437625],
[0.40963629873588003],
[0.39753827905583317],
[0.43275877446995675],
[0.68604204288771109],
[0.68409794406605073],
[0.5170112078668081],
[0.51392033884047639],
[0.72707348733018284],
[0.7383643880544023],
[0.55693775347976626],
[0.5599855847721581],
[0.53152384734022007],
[0.51436235889063653],
[0.35368723301648924],
[0.3408335928866254],
[0.52971025345624789],
[0.58495785964844771],
[0.29968106891913249],
[0.23745239369910279],
[0.4248141413399753],
[0.46429416819107261],
[0.65232965681792365],
[0.67245420383781807],
[0.38864110425349596],
[0.38764634871113079],
[0.55184975060858266],
[0.53600094012386035],
[0.40555611454420248],
[0.40182833874391027],
[0.47187393625238849],
[0.49149561870753855],
[0.59609519136106],
[0.57337418626458425],
[0.48612844502758523],
[0.47335543207910846],
[0.34217653728071618],
[0.32038882877564567],
[0.45172417485804528],
[0.46636864946549739],
[0.666337541586219],
[0.69043898457715747],
[0.63314350702187294],
[0.621276104271308],
[0.64030015547202979],
[0.64425254629206674],
[0.49448221482636889],
[0.500587023208376],
[0.40308976167584265],
[0.40813219900434539],
[0.32748626314405727],
[0.32292955611176211],
[0.52108807076955521],
[0.50393920803850145],
[0.29433970139927018],
[0.32856593395058192],
[0.65892649764757838],
[0.66142455752942442],
[0.39680807477347479],
[0.35802853021479852],
[0.410423706413216],
[0.42411961089995753],
[0.55501442213614094],
[0.56409377541414174],
[0.477773766524678],
[0.47046756367077314],
[0.59955001105944017],
[0.6187205189231515],
[0.56169730590567968],
[0.53855452419974337],
[0.49207057536622067],
[0.532582315272074],
[0.49892048905046704],
[0.47975010273385976],
[0.530119751561378],
[0.51186126156701017],
[0.47780474575693915],
[0.47538413439914967],
[0.45432095949978368],
[0.46731746151060138],
[0.48136222317842037],
[0.45034258005922223],
[0.60627505870952625],
[0.63769291604592748],
[0.443872089172789],
[0.4175294138979731],
[0.51131642166370339],
[0.51592450937156031],
[0.51047197754566254],
[0.51266987902195615],
[0.48153444341321683],
[0.47627133471745536],
[0.46880568146895191],
[0.48021221323468155],
[0.4644912395642552],
[0.48756962371152479],
[0.51361096304309517],
[0.49603187106733954],
[0.31074441582563833],
[0.31387535932355393],
[0.39946754446331212],
[0.40460093855406343],
[0.58683431765085681],
[0.57128125592730183],
[0.3945886813923154],
[0.40503160426589496],
[0.40158961164544038],
[0.38310095841014014],
[0.39382295646069276],
[0.40720482596874075],
[0.455277606915802],
[0.47809204769643604],
[0.5148617892317835],
[0.49272039046842059],
[0.41910407303050978],
[0.41484231608646055],
[0.503719795333237],
[0.49430306657655204],
[0.52559749592777416],
[0.5336716866227813],
[0.48531871681762262],
[0.49586152372027348],
[0.52273600102348672],
[0.52899884526131591],
[0.4920721907911349],
[0.4739245646826632],
[0.35216721704794951],
[0.33553881848842149],
[0.49635121780915115],
[0.51971290001953552],
[0.57339920505544428],
[0.59892318317541338],
[0.60474277370404694],
[0.58636833572790925],
[0.59443317017873876],
[0.58257917477798216],
[0.48112860329679374],
[0.48469827650323355],
[0.55459081150831491],
[0.54879910156101686],
[0.50651877475650842],
[0.5274362095154449],
[0.3713736241295067],
[0.34173216057085631],
[0.3357589263990835],
[0.33881952761222717],
[0.37666670827915683],
[0.39964646687490163],
[0.44786387343162459],
[0.440875321583009],
[0.54297894911923894],
[0.53845343634401144],
[0.537071965052387],
[0.55576212388158808],
[0.53682290774828267],
[0.52195881112796594],
[0.51117498305597142],
[0.50599544122721607],
[0.54255989864287979],
[0.54233591556206329],
[0.5097801445331277],
[0.50192573980070276],
[0.45074916641468582],
[0.45163555412538808],
[0.51333486201189082],
[0.51805559067213913],
[0.514468872635255],
[0.51357281640519259],
[0.412449012884315],
[0.40389565256103943],
[0.49543175349277835],
[0.50217478900160706],
[0.55850717824139084],
[0.56301144581420415],
[0.53680767801627],
[0.54174620698033737],
[0.50999071102859483],
[0.51805873112633916],
[0.523191299152199],
[0.50503722436680976],
[0.41626042802330659],
[0.42230683494363991],
[0.449440909174783],
[0.442695470318759],
[0.41344807911425208],
[0.41342963398430577],
[0.57756769400978292],
[0.56884194588535686],
[0.3345306419760552],
[0.35544823283722676],
[0.51779632452771884],
[0.50852518349845077],
[0.58204071982047179],
[0.58565780048095273],
[0.41456740245230966],
[0.42044153042548],
[0.39953084398228811],
[0.39478754620816825],
[0.34559058703697071],
[0.36766137774706914],
[0.58235155633319058],
[0.55846428637642254],
[0.49020982787224049],
[0.49702920507829706],
[0.39107719973599409],
[0.39155359180517324],
[0.49886685938828912],
[0.4908829925028359],
[0.57600412957777436],
[0.57509954796207263],
[0.41921607525371951],
[0.40737669252340059],
[0.53129010065713889],
[0.53630185908465144],
[0.50181217139290535],
[0.5038600929859286],
[0.656762633748932],
[0.65771399227234828],
[0.45981492953369574],
[0.4586770089235328],
[0.50763057450604054],
[0.52211689307527931],
[0.48257074621169949],
[0.47147842104963888],
[0.39881489266258108],
[0.39562402777717243],
[0.37700904468346547],
[0.38450124510053385],
[0.42469057937100196],
[0.43908398328270626],
[0.60941159697951885],
[0.60458063854094157],
[0.48365716490051],
[0.46249127483596519],
[0.46541538929751897],
[0.47154917938943897],
[0.52799453173983557],
[0.53642485763884351],
[0.50932626221414812],
[0.51091811817246091],
[0.53011990488216709],
[0.530114526128278],
[0.48522634867617132],
[0.48909258357281149],
[0.49612366305766564],
[0.49748633743573134],
[0.58936115642643916],
[0.57573270211417737],
[0.5767206103358371],
[0.58012095046137546],
[0.40655358225633681],
[0.41153975839578943],
[0.42983810751951856],
[0.42984765684539894],
[0.45769254607602405],
[0.45997191740292054],
[0.49498665344315096],
[0.481117217536732],
[0.41035762377346174],
[0.43039736256256877],
[0.51117232897302],
[0.49225547897410626],
[0.53902403024919032],
[0.5581414360750746],
[0.68928171766743462],
[0.7113517228836892],
[0.458393402788207],
[0.431946197962976],
[0.2828745959957118],
[0.31244065919685077],
[0.47903284165350252],
[0.42694823490908396],
[0.58278729528567341],
[0.61992567888935679],
[0.63899092854658157],
[0.60128446617471265],
[0.62268866011848034],
[0.62725747634372175],
[0.55441402202140377],
[0.58750298846530014],
[0.65412731255632839],
[0.627378933881885],
[0.39202273889271416],
[0.39583296471759744],
[0.53005930600250672],
[0.54061158703529211],
[0.62029184914690494],
[0.6251541022005388],
[0.69438847688150673],
[0.69204904826173352],
[0.36715650954085255],
[0.35964921367544395],
[0.4758805869778871],
[0.45894787735735421],
[0.49162130811383581],
[0.43796772017596597],
[0.42636494087443361],
[0.53934984138267472],
[0.35623992839289514],
[0.29681568928086594],
[0.524563502632831],
[0.51898101295665522],
[0.51367096357660236],
[0.53071061577407974],
[0.4103543905658073],
[0.4175600100564214],
[0.34141898093307366],
[0.32313064095935534],
[0.42227777205513733],
[0.46768817400920215],
[0.50894661222886206],
[0.47757341955053528],
[0.55634055019922324],
[0.54999397535835337],
[0.33867647123627426],
[0.34116403954938312],
[0.6539119082242858],
[0.67561141342773745],
[0.34241833232640911],
[0.31457193079365475],
[0.29543146884330668],
[0.29675228344130627],
[0.61271055350777992],
[0.60292114945072994],
[0.35597770460725742],
[0.38299732127396846],
[0.56605486495898316],
[0.54768837550258409],
[0.55852042390301682],
[0.57843231499983416],
[0.56560034085150157],
[0.565796602179248],
[0.55604907332677866],
[0.53098025710777552],
[0.33497807533017193],
[0.352543935747489],
[0.39137773387320407],
[0.36546852267568564],
[0.69066623827378026],
[0.70083049111485574],
[0.55239123254192246],
[0.5617215182331402],
[0.445646118988858],
[0.4617977534242203],
[0.65034820545260308],
[0.64302628191308031],
[0.45337199237843268],
[0.44046353335695732],
[0.566303932402326],
[0.54628539710959667],
[0.72147522764039929],
[0.70006737184543721],
[0.6304820853071],
[0.66285380931432747],
[0.55511525915504278],
[0.587496603264294],
[0.6388804785824973],
[0.60811263569010532],
[0.39109352305204925],
[0.39650575694176127],
[0.50931219256489513],
[0.51564718196665038],
[0.48466068937575935],
[0.48225752931456567],
[0.72356316860417147],
[0.70874426857843842],
[0.33603679694098154],
[0.35890067729013242],
[0.64020620399664852],
[0.64168723991530086],
[0.71902162893545762],
[0.78840337081975287],
[0.38730637566355663],
[0.30543805512699529],
[0.69145241576899741],
[0.68852432873928393],
[0.71391243424516382],
[0.70270276676788279],
[0.50842936869109978],
[0.52982247175799668],
[0.25555505517951138],
[0.23108612973732426],
[0.68320078717512078],
[0.73386105122997036],
[0.47532112874756116],
[0.43665110633731008],
[0.49382713688163216],
[0.50759361253926261],
[0.450967310193547],
[0.44842462808904104],
[0.67385906033954357],
[0.65096326757748924],
[0.40834584335346857],
[0.43652176086247796],
[0.51724749159946659],
[0.51555384834669882],
[0.46263517093415485],
[0.48392145670853848],
[0.65472606293793878],
[0.64433846158889319],
[0.7086674804245916],
[0.65842252687037239],
[0.28366870813850581],
[0.34267586888693369],
[0.40173248479439017],
[0.353720341268784],
[0.29121746804590348],
[0.31300988259196261],
[0.61974375436499018],
[0.62905589182118515],
[0.50269332124439459],
[0.451865805694253],
[0.32717008846725715],
[0.34143395076162936],
[0.32653779262595817],
[0.38531835380064783]]