mbtIn = [[0.46037040326463113,0.65567142192209538],
[0.56100931191250014,0.51068985758856567],
[0.5163351198162649,0.53867221586438252],
[0.76769649161507,0.64201580571566752],
[0.569854045702966,0.668775268659018],
[0.36179067396566367,0.46582235983431486],
[0.50580383528340367,0.43379725462453367],
[0.85970570395299983,0.6827547696182017],
[0.49012168881539647,0.67491369638419818],
[0.84091838289897791,0.66552003585718722],
[0.52984816792434619,0.685383275411662],
[0.24704997334914058,0.38844907063674339],
[0.48666823089519012,0.36685910212216533],
[0.15171291412709859,0.31919057251114435],
[0.55602737940200508,0.35387014676455186],
[0.030866251552261324,0.29344681547713319],
[0.52927212360214126,0.28006918757720128],
[0.90789403884863662,0.71858308122538894],
[0.52381402189663462,0.71585403037263562],
[0.67776410551068,0.60078906370365726],
[0.48720790863317825,0.5824860070719291],
[0.12019884819338023,0.30370337841327921],
[0.52390707685474391,0.32205296252406207],
[0.9736050553315454,0.74875606609314471],
[0.5749799494592801,0.77429250239541281],
[0.4288743616412794,0.50192715555027978],
[0.56081445315120126,0.49484440739624036],
[0.68491922001872951,0.62286683658496544],
[0.5217864619140582,0.60335284096639386],
[0.90698812442218257,0.71438729316812033],
[0.52844222278354525,0.717715173602864],
[0.016168998497482986,0.27230561064051412],
[0.5328527864079784,0.27451089245273069],
[0.0085154924001904948,0.27068413940408442],
[0.542667893234115,0.27559169281715273],
[0.93573510762979906,0.739201500431957],
[0.49126359231187106,0.71349934997083508],
[0.77249632522240064,0.63187995876713587],
[0.46642886659297461,0.6194625959076876],
[0.091425630462218355,0.27892724852759648],
[0.56774959012433712,0.32958761029327777],
[0.81469691416097922,0.69122325214265823],
[0.52661578485179128,0.67065634950638531],
[0.5028658878006369,0.514740836326214],
[0.55193192169421956,0.52739890474742823],
[0.0087366845588437818,0.28033430312653168],
[0.50296375948131511,0.25585022202007945],
[0.78366455836980509,0.6433141589255601],
[0.536206082718659,0.659935320544232],
[0.36749353472815705,0.451849808723408],
[0.59313991617451278,0.48031672545133491],
[0.20430354142822268,0.39872172880136775],
[0.5017887867730918,0.35304616410065726],
[0.74090020819321534,0.62134449748315357],
[0.5105459338823598,0.62572307103778757],
[0.28664141096133539,0.39859367242184762],
[0.49532985889986214,0.39098563493059879],
[0.81424576113747527,0.6547878100186687],
[0.50058759194040026,0.65741667653893776],
[0.98490574986039658,0.74274667090039848],
[0.52416265421168362,0.75453420203604016],
[0.12750436198137877,0.32583350809653122],
[0.51446785459711752,0.32098610828924812],
[0.810212054278699,0.66233995443790827],
[0.47801604943291859,0.64411405185580883],
[0.25509630668463668,0.3665561780587776],
[0.56048147342743238,0.40778889005603453],
[0.087299786949939687,0.323890630188686],
[0.51222961044176751,0.29976469869585359],
[0.56142938680002241,0.536829498620895],
[0.50755728672979861,0.53449333676491051],
[0.4231319563066227,0.46534462151821065],
[0.52734729047402584,0.47523962339032427],
[0.19842186281590818,0.362884576644967],
[0.49825395501722536,0.3483379089165668],
[0.73147128993765409,0.61486262247743972],
[0.48542044242169252,0.60844586617967333],
[0.42929904125958118,0.45735974184063688],
[0.49766420870353362,0.46348162498155743],
[0.77346646555248455,0.63556533712800911],
[0.50114458343259882,0.63730552449254163],
[0.37251694314043476,0.43683076328651682],
[0.517447730113857,0.44498233662714592],
[0.058294448161876344,0.28787108913786669],
[0.57397034327404872,0.31613239571796253],
[0.45906300641912867,0.5165166748465887],
[0.47423411592520809,0.46664856117216835],
[0.84363974988259816,0.65893693290390309],
[0.50700460767832956,0.67532217878046386],
[0.7369998705332923,0.62200223910581087],
[0.49532985889986214,0.61616486471657717],
[0.079745935109500107,0.28753789700468113],
[0.538610401607413,0.30917816835845657],
[0.21489460615600067,0.37675250388170684],
[0.52704612422444685,0.37097036519022375],
[0.1350226867406995,0.33103440548257318],
[0.47172229224609846,0.303372489493399],
[0.39802296187872438,0.43487262706241142],
[0.47877334236557834,0.43839815212215139],
[0.20443969797157896,0.34160652016857862],
[0.48701465403811833,0.34572717600484865],
[0.56854122989200473,0.52777794196506156],
[0.51432096346403733,0.541431096678021],
[0.33907284266764143,0.42669690306583941],
[0.50365435185374852,0.42136359726069494],
[0.56509161464694557,0.534372983250347],
[0.52737825850278075,0.54623493657486311],
[0.26082526213894919,0.39410176032086497],
[0.49592546214084016,0.37837536213989464],
[0.86840003077025874,0.68216274645554942],
[0.53200493719696329,0.700202483983611],
[0.534935397841641,0.5334701675193021],
[0.49118762479576883,0.51306151131870492],
[0.30933897244235392,0.4002632986190614],
[0.49592303070660904,0.40263100157448151],
[0.36793044191282986,0.43192673630971945],
[0.50721067522639851,0.43757055856961419],
[0.81667332365397749,0.66194199944018806],
[0.52546558172325608,0.67106945268861673],
[0.84474831398478645,0.68510694785402126],
[0.48121814087807896,0.66298322743143268],
[0.77278987803398269,0.62700400945603085],
[0.49532985889986214,0.63405986846692242],
[0.72409687389041322,0.60971336639513773],
[0.48656325553174806,0.60533006471108064],
[0.34072117916647982,0.41364221734911394],
[0.50177287647482782,0.42124702782065382],
[0.24267902952548806,0.37222595300015793],
[0.49532985889986214,0.36900444421267509],
[0.76119682423665069,0.62826334156825636],
[0.50118572908047521,0.631191276658563],
[0.73809567044469115,0.61964069976258318],
[0.49649736204644185,0.61729651624556647],
[0.52914963093507916,0.51282349649076053],
[0.44592535375705128,0.48753749234606525],
[0.28372166255805109,0.36482350815755116],
[0.49240310792420727,0.38806238524112918],
[0.78497680857939933,0.6386899582518033],
[0.50582690268915664,0.645401855634278],
[0.322446206109665,0.41413655439941083],
[0.57078697442503856,0.44661659026735179],
[0.13644156406732094,0.35361426924617978],
[0.4473809120439739,0.29191123805564745],
[0.40994795342829787,0.42866443273613586],
[0.42301909171310781,0.41648352257070287],
[0.75328174816424365,0.58815041993867578],
[0.53922109909504812,0.64625142362964594],
[0.47366400613421733,0.50644255261463278],
[0.50822646124636939,0.49094523369029336],
[0.877219065392872,0.69272276331962068],
[0.49882672298741787,0.688022894190145],
[0.58026169567149255,0.53954420932945524],
[0.45815620811185176,0.51920895189167215],
[0.56883497901946245,0.5134955935656571],
[0.46511738776857953,0.516976183394021],
[0.67743260834835506,0.57127499805846726],
[0.52029446151280068,0.59886353493057787],
[0.62330481281659633,0.5717996371646985],
[0.48489597645892063,0.55410039463775851],
[0.18179895353692771,0.33334746499792417],
[0.53255195971734037,0.357175456627134],
[0.42883805489676219,0.48069500730705128],
[0.52908360126478315,0.47896082808077267],
[0.381639340372101,0.45536147081844208],
[0.50174466861025047,0.44169200449117574],
[0.46157596443411508,0.48166031652218277],
[0.50116336820872054,0.48136966632141781],
[0.82631563256241425,0.66373950038556739],
[0.46807672854481,0.64719618055361217],
[0.43755116836743374,0.45281394845612188],
[0.50230453444312584,0.46992785140527982],
[0.48080763030913892,0.49155608237613235],
[0.519150770726771,0.49997920051795497],
[0.26599362315937175,0.39257219694307133],
[0.51688528029483161,0.39143945172710171],
[0.44369513861208065,0.48029020945345613],
[0.51223360350836677,0.47796437106022371],
[0.67304673599178477,0.59264016975007583],
[0.49649311355679049,0.58476992477428769],
[0.5846183428381071,0.54055572819744879],
[0.49765393164105315,0.5411361372395801],
[0.74320280771144809,0.62042836967625059],
[0.49301325446042232,0.61810803108593526],
[0.74079332954325,0.61690329200183613],
[0.49475246545183887,0.61777289749754438],
[0.64824222217922989,0.57149734381553441],
[0.50800889666322691,0.57812555942122845],
[0.4941773488588771,0.501093122761052],
[0.47460149591582768,0.48438942238735239],
[0.20901198849516819,0.34180674220549795],
[0.48318343342949444,0.34609771096233133],
[0.716902086516269,0.6000427599728817],
[0.49244449460804812,0.60467329056215857],
[0.78143799653102963,0.63694124556953891],
[0.46662396969519826,0.62403098311311389],
[0.46890641291608354,0.46776519130564087],
[0.46775182540894417,0.46832911916251385],
[0.61024973104824687,0.53900077822859549],
[0.47350986166373293,0.54187979635598993],
[0.85733675508855178,0.66542330837614239],
[0.51134015203434413,0.684338453561448],
[0.43337763482311487,0.4723588934287295],
[0.5090611742649257,0.47121940454402028],
[0.44971696248529869,0.47938906837511219],
[0.48846218022054155,0.46908957135292012],
[0.45082354053209489,0.46964286037631819],
[0.48330660564556849,0.46706507308883172],
[0.52452120098779564,0.50391390331668207],
[0.49819303867939657,0.51135711983359611],
[0.19485180521004547,0.34652242194472105],
[0.50107931916083326,0.34796556218543939],
[0.49877930033987994,0.4999293097503566],
[0.51487032360971619,0.506824811974798],
[0.44609416413403613,0.48048224387187616],
[0.47005674546925696,0.45807545480164658],
[0.71106270621462164,0.59055972584193928],
[0.50450920734199167,0.6077859567783066],
[0.29886833171367211,0.40168876952783189],
[0.50510539207441552,0.40198686189404381],
[0.50050472283126324,0.50280505745283932],
[0.503379054880594,0.50194188885592861],
[0.32216221134171363,0.41277063311115381],
[0.53558967138096469,0.42887594136133916],
[0.62497341480516633,0.58028154309306545],
[0.4982046158491002,0.56158901532713323],
[0.79958257195846472,0.64889359390378243],
[0.48903224748153573,0.64430740972000022],
[0.45819540486585586,0.4736138261736958],
[0.49819431197461,0.4781948584202329],
[0.71028219094304312,0.60423825145882659],
[0.47820015796996018,0.59424117445650171],
[0.91635014892085576,0.697275153445408],
[0.61193263681367338,0.76414139286726457],
[0.76426652310171761,0.68809957995769544],
[0.4896831305688,0.62697482683525885],
[0.23389430745566556,0.36178871901223275],
[0.4919299304206467,0.36291211893815611],
[0.61016685784711489,0.55104839413388085],
[0.49476391812211157,0.5524653879846132],
[0.3645511350073769,0.42965752656474421],
[0.53719972761819823,0.45087543131278757],
[0.48570082063147996,0.51145027412483912],
[0.48739868855678453,0.48654975459413224],
[0.51742188520757282,0.5024102868821787],
[0.54897990542960073,0.53320089531858672],
[0.40801341534911412,0.47849666038935745],
[0.48966299984800449,0.4488382075985593],
[0.2614923526564164,0.37557767625221045],
[0.46468338638946266,0.36308786952293953],
[0.408186905784551,0.43643514608700684],
[0.4919145712277227,0.45005073850613686],
[0.75573475038575344,0.623824660806738],
[0.48398584180524529,0.61986029609549931],
[0.31875434147078835,0.40137009163801685],
[0.51068228762159951,0.4147183145461939],
[0.42201871646295197,0.46635050204227574],
[0.52659999007830383,0.4743093532706279],
[0.73136557851343253,0.62898278429586818],
[0.49419552513020443,0.61278055182181845],
[0.70040522241626235,0.59730037377323342],
[0.52021071237914485,0.61030796739770365],
[0.79847202925090843,0.65934137081502664],
[0.49983652034541176,0.64915427479816012],
[0.63903765981964178,0.56943709008252674],
[0.501515603660125,0.57027663173988341],
[0.2574165610149019,0.37946608233751344],
[0.49476588177869185,0.37609122139679685],
[0.45539290513394293,0.47507939345631739],
[0.49532985889986214,0.47536138201690253],
[0.43640458781370606,0.4658672233567841],
[0.48178431389401849,0.45909445085386225],
[0.52298293043277189,0.50238362216339516],
[0.51226334452962385,0.51762313748119793],
[0.40663889860511859,0.45945112156737122],
[0.52525164281004433,0.46594527070758146],
[0.27328165881515371,0.39926665081259904],
[0.48966656930826225,0.38147411406170795],
[0.93157131379593827,0.71061894155210026],
[0.48184426498141447,0.7067077893886764],
[0.71598740353094881,0.59891583425618167],
[0.47516130487197034,0.59557435420145954],
[0.25450536529654166,0.36483333508425597],
[0.51669912881255931,0.38560224705455048],
[0.47734507638182921,0.49702210259719426],
[0.50039265000290023,0.48886886319236472],
[0.43658706973852346,0.46848985987071184],
[0.48126444838091,0.45892575905971672],
[0.81221535789725485,0.64673990313908236],
[0.47348864917844541,0.6428520035378501],
[0.38732303246075905,0.4304058408196022],
[0.49252297710967669,0.43992300478521784],
[0.26952706651839331,0.38102502181403497],
[0.52121399373736488,0.39537053012787909],
[0.63477249377136025,0.57799324375436256],
[0.520602695221107,0.57768759449623364],
[0.4217878660416236,0.47119528063136529],
[0.505449985743026,0.46361892589232478],
[0.57016764136048736,0.53780881355175669],
[0.50150847872934434,0.53583806004491585],
[0.48634568507640891,0.4939270819028766],
[0.5015086797733147,0.49392718242486178],
[0.37441217106138808,0.43796042541735136],
[0.50657878934997824,0.44049548020568319],
[0.074594064485944023,0.2905864269179611],
[0.54223734746688446,0.30841570597641421],
[0.72549858799536437,0.63386796773112442],
[0.51508358350232264,0.62029108574884351],
[0.79361765795733552,0.65435062072982908],
[0.46110536308665834,0.627361510521997],
[0.23558574280484038,0.34834555294574937],
[0.52296217373838927,0.37927395827161481],
[0.48968932992067643,0.50632575182953288],
[0.4789786566626581,0.48433399329166726],
[0.0930863796653839,0.286032518164021],
[0.49873773781265818,0.29591205873902104],
[0.61310209735388266,0.55591991758327042],
[0.49532985889986214,0.5542159781268724],
[0.68693085562621681,0.59113035726303953],
[0.49250082305695964,0.58971583934158822],
[0.0784964109027948,0.28549861697987722],
[0.47881309216300622,0.27865475153290054],
[0.40248852682107994,0.44065080949204305],
[0.52042343902441557,0.46145598292274775],
[0.35044815079169317,0.4354357949080544],
[0.49990141592989834,0.42517478336079573],
[0.78275002359755308,0.64132571976372565],
[0.50159177066373239,0.64217089713064279],
[0.22579838653153295,0.36369507859763267],
[0.503898136188334,0.36484826135993348],
[0.742321964871093,0.62311005052971358],
[0.52207423307356671,0.63219809897232992],
[0.22740299083522891,0.37473861195439784],
[0.51588650973128991,0.37164475028325938],
[0.797336377509905,0.65661144362059742],
[0.46353531193671288,0.63043584472330894],
[0.53113025316821971,0.49733278255246627],
[0.5169343397138253,0.52403229644102245],
[0.50044734807317781,0.50869084389350161],
[0.50101561597283983,0.50073148202300888],
[0.38694451901875743,0.44398006749579866],
[0.51524813069397712,0.4510963248563673],
[0.56549899934159742,0.54037356501778722],
[0.50158521103603948,0.53354210518881851],
[0.80291000369672427,0.65224760736638188],
[0.51627531678295346,0.65959266023983887],
[0.64336420430390318,0.57981976054342832],
[0.50832726652154925,0.57584573541272621],
[0.042278222123286142,0.27530274432241769],
[0.50103154088712665,0.27165488150520639],
[0.30865729372443734,0.404844417305782],
[0.51075624995498148,0.40970677183970938],
[0.92785986341180737,0.71930805668339448],
[0.37170150301969312,0.64978068321575022],
[0.091288586370805155,0.23149504469524915],
[0.49247166871746934,0.29188012754413722],
[0.25323102725112207,0.3728513479842957],
[0.56940119379047716,0.41131611052079964],
[0.29763685407545026,0.43351902393296371],
[0.52459914188201229,0.41111799797873128],
[0.96528682180639491,0.7449429818442036],
[0.47601127366731233,0.72064904773685368],
[0.70469804302814909,0.59035465834773071],
[0.46644137862873319,0.58556971082844111],
[0.312361403776052,0.38940139120239259],
[0.52431403688044109,0.41833772032824657],
[0.50670058616996394,0.51550731152520246],
[0.47488153169559977,0.49079105893278185],
[0.43203944207709155,0.45346048688634566],
[0.50614126656938419,0.46909035432323787],
[0.967950612854673,0.73704593971202859],
[0.53302047762846971,0.75048554524157129],
[0.61905224602410314,0.57603636182628648],
[0.46613594420391957,0.54259409511401135],
[0.45215224589443459,0.45914409504917708],
[0.48295395312682343,0.467553099510629],
[0.73056704333200173,0.60676049822941258],
[0.51944905961653332,0.62500805147426752],
[0.60047987297007377,0.55996446629330354],
[0.48972726050248105,0.54510356673627736],
[0.72969084808662177,0.60970905429455136],
[0.46298287362504481,0.59633686085583326],
[0.52325736181576632,0.49312011772040554],
[0.5504606564301191,0.53685900912294271],
[0.50314749188284147,0.52680407415648034],
[0.48751450878906216,0.49533100033595179],
[0.43756003802825744,0.4625372734086598],
[0.48862562959564965,0.46309283381195354],
[0.69771326624843888,0.59316944792204429],
[0.50090431546458969,0.59930879085651423],
[0.4758359100676755,0.48837011276613262],
[0.48362587146219616,0.4797308907649358],
[0.14726688341844243,0.31544637744031928],
[0.571034370103921,0.3591506267611817],
[0.67646174468940545,0.62374805739666317],
[0.48527613424072263,0.580868939465064],
[0.30295689482417126,0.39411651453244695],
[0.5322450301261431,0.41760096247515721],
[0.38588684591634187,0.45906593802124251],
[0.48972493208983686,0.43780588900308937],
[0.44286394545839114,0.46629443877411403],
[0.45171280291058974,0.44728837418449041],
[0.526729559497534,0.48922118120406188],
[0.48635560931591737,0.50654258440672573],
[0.43839085699645292,0.46237323315618517],
[0.57501566118358083,0.5067032590900169],
[0.04434655220744433,0.30968110669551258],
[0.54331355204007636,0.29383005212376034],
[0.11271697160199386,0.32801526182103513],
[0.50613969894633826,0.30942833527416608],
[0.067109983698411535,0.28662484132237487],
[0.47528383267500429,0.27119690818670794],
[0.916432292342798,0.69585806250890114],
[0.58221772849343867,0.74932501041811839],
[0.8175909415696927,0.69990433503156568],
[0.47609115122457418,0.64684104639713347],
[0.51005455724853255,0.49307285423655334],
[0.46931260427103144,0.489683580759782],
[0.77340960112160417,0.62136110269631784],
[0.53196901965082155,0.65268931038621281],
[0.51338011001425243,0.522674564832537],
[0.52969890709916223,0.52153950855670739],
[0.42261960269742838,0.4761592548982953],
[0.44865592530101339,0.43563776399922088],
[0.64351001176061762,0.5460829685308155],
[0.49476623165586986,0.56913812170824374],
[0.42871417695542013,0.461740204305645],
[0.50604709641590861,0.46738063668566437],
[0.35301903492265296,0.42953306566928079],
[0.52073964570711351,0.43687934031488324],
[0.51170657361429006,0.51622310966070173],
[0.47051188154716844,0.49110922758072928],
[0.5968417132373216,0.533676797392245],
[0.48856069694097037,0.542701205089146],
[0.91274777086972059,0.70065423390534542],
[0.50037335516004544,0.706560563014883],
[0.58793971629891484,0.5441565357294802],
[0.46961348071758674,0.52877659850825076],
[0.20122295221403738,0.33541821646581205],
[0.50488571203745714,0.35305433212574727],
[0.71088454442101945,0.60788512822923835],
[0.49701154807946812,0.60394804625024379],
[0.53115966090345579,0.5140856044914619],
[0.53337596026241985,0.53226781058293782],
[0.12569249043046637,0.32953422534644311],
[0.52796200852480935,0.32682724947763786],
[0.53859465507058257,0.5332783317976959],
[0.51052081252593762,0.5245577337982601],
[0.55805943669435421,0.53429012461014591],
[0.53462139705999989,0.546340416877177],
[0.074267874557364111,0.304444635808682],
[0.50438617621989723,0.28932702538863064],
[0.063341851917048136,0.28386401406847267],
[0.48335647509052321,0.27334916350378569],
[0.0987013494923618,0.29102891229144251],
[0.44728658789411108,0.27299396869323644],
[0.78852203469643012,0.61790431129527057],
[0.51535051451659486,0.65193627460651249],
[0.065775052703864342,0.29056278361022958],
[0.52872721569781089,0.2972511342008376],
[0.687709380989203,0.60821829834350694],
[0.48900729527193326,0.58835833813056815],
[0.63866269079615245,0.56383499303404283],
[0.50279097596844835,0.57072683338230035],
[0.98052256468348353,0.741656770325966],
[0.43719987982577879,0.70886122225463111],
[0.37475278072053847,0.4059763302731586],
[0.49987846847764739,0.4373156245990929],
[0.29234886398519477,0.39611366623142108],
[0.51413407093254238,0.40324146745886857],
[0.6823485139498614,0.59824129244120194],
[0.46694385655907894,0.5746461852544702],
[0.43314435418885194,0.45004410537396544],
[0.51865466839811036,0.47589951129348118],
[0.22349358688671905,0.37107412764241471],
[0.45206584875560823,0.33777971782116367],
[0.81450707263171807,0.63328646069366312],
[0.51920967440593557,0.66685837351882682],
[0.63245292273875708,0.57583129857234638],
[0.52086449395614332,0.57665870834745014],
[0.94476648592259793,0.73281548993937062],
[0.50602473355894884,0.72539560974077344],
[0.067437112242698563,0.28673092290082369],
[0.49362862027473636,0.28053286625871748],
[0.582985725351557,0.53830717281314666],
[0.46704421786129913,0.52501497160642807],
[0.74802861820196187,0.6075364180316305],
[0.49363521174099056,0.62083191497147627],
[0.2007224106582447,0.34717881119961763],
[0.50894030702141491,0.3548313588398298],
[0.33893208579388107,0.423936196407648],
[0.43488597569302945,0.38690903074345528],
[0.72811729056270824,0.58150163312786884],
[0.54788994601248464,0.63800361828759644],
[0.10338565544630099,0.3256378007293928],
[0.56840947118300156,0.33589756331465126],
[0.20001826340737905,0.3842138672951903],
[0.54040765755831921,0.37021296048284913],
[0.556791640135024,0.54859964884667156]]
mbtIn = [[0.51068985758856567],
[0.53867221586438252],
[0.64201580571566752],
[0.668775268659018],
[0.46582235983431486],
[0.43379725462453367],
[0.6827547696182017],
[0.67491369638419818],
[0.66552003585718722],
[0.685383275411662],
[0.38844907063674339],
[0.36685910212216533],
[0.31919057251114435],
[0.35387014676455186],
[0.29344681547713319],
[0.28006918757720128],
[0.71858308122538894],
[0.71585403037263562],
[0.60078906370365726],
[0.5824860070719291],
[0.30370337841327921],
[0.32205296252406207],
[0.74875606609314471],
[0.77429250239541281],
[0.50192715555027978],
[0.49484440739624036],
[0.62286683658496544],
[0.60335284096639386],
[0.71438729316812033],
[0.717715173602864],
[0.27230561064051412],
[0.27451089245273069],
[0.27068413940408442],
[0.27559169281715273],
[0.739201500431957],
[0.71349934997083508],
[0.63187995876713587],
[0.6194625959076876],
[0.27892724852759648],
[0.32958761029327777],
[0.69122325214265823],
[0.67065634950638531],
[0.514740836326214],
[0.52739890474742823],
[0.28033430312653168],
[0.25585022202007945],
[0.6433141589255601],
[0.659935320544232],
[0.451849808723408],
[0.48031672545133491],
[0.39872172880136775],
[0.35304616410065726],
[0.62134449748315357],
[0.62572307103778757],
[0.39859367242184762],
[0.39098563493059879],
[0.6547878100186687],
[0.65741667653893776],
[0.74274667090039848],
[0.75453420203604016],
[0.32583350809653122],
[0.32098610828924812],
[0.66233995443790827],
[0.64411405185580883],
[0.3665561780587776],
[0.40778889005603453],
[0.323890630188686],
[0.29976469869585359],
[0.536829498620895],
[0.53449333676491051],
[0.46534462151821065],
[0.47523962339032427],
[0.362884576644967],
[0.3483379089165668],
[0.61486262247743972],
[0.60844586617967333],
[0.45735974184063688],
[0.46348162498155743],
[0.63556533712800911],
[0.63730552449254163],
[0.43683076328651682],
[0.44498233662714592],
[0.28787108913786669],
[0.31613239571796253],
[0.5165166748465887],
[0.46664856117216835],
[0.65893693290390309],
[0.67532217878046386],
[0.62200223910581087],
[0.61616486471657717],
[0.28753789700468113],
[0.30917816835845657],
[0.37675250388170684],
[0.37097036519022375],
[0.33103440548257318],
[0.303372489493399],
[0.43487262706241142],
[0.43839815212215139],
[0.34160652016857862],
[0.34572717600484865],
[0.52777794196506156],
[0.541431096678021],
[0.42669690306583941],
[0.42136359726069494],
[0.534372983250347],
[0.54623493657486311],
[0.39410176032086497],
[0.37837536213989464],
[0.68216274645554942],
[0.700202483983611],
[0.5334701675193021],
[0.51306151131870492],
[0.4002632986190614],
[0.40263100157448151],
[0.43192673630971945],
[0.43757055856961419],
[0.66194199944018806],
[0.67106945268861673],
[0.68510694785402126],
[0.66298322743143268],
[0.62700400945603085],
[0.63405986846692242],
[0.60971336639513773],
[0.60533006471108064],
[0.41364221734911394],
[0.42124702782065382],
[0.37222595300015793],
[0.36900444421267509],
[0.62826334156825636],
[0.631191276658563],
[0.61964069976258318],
[0.61729651624556647],
[0.51282349649076053],
[0.48753749234606525],
[0.36482350815755116],
[0.38806238524112918],
[0.6386899582518033],
[0.645401855634278],
[0.41413655439941083],
[0.44661659026735179],
[0.35361426924617978],
[0.29191123805564745],
[0.42866443273613586],
[0.41648352257070287],
[0.58815041993867578],
[0.64625142362964594],
[0.50644255261463278],
[0.49094523369029336],
[0.69272276331962068],
[0.688022894190145],
[0.53954420932945524],
[0.51920895189167215],
[0.5134955935656571],
[0.516976183394021],
[0.57127499805846726],
[0.59886353493057787],
[0.5717996371646985],
[0.55410039463775851],
[0.33334746499792417],
[0.357175456627134],
[0.48069500730705128],
[0.47896082808077267],
[0.45536147081844208],
[0.44169200449117574],
[0.48166031652218277],
[0.48136966632141781],
[0.66373950038556739],
[0.64719618055361217],
[0.45281394845612188],
[0.46992785140527982],
[0.49155608237613235],
[0.49997920051795497],
[0.39257219694307133],
[0.39143945172710171],
[0.48029020945345613],
[0.47796437106022371],
[0.59264016975007583],
[0.58476992477428769],
[0.54055572819744879],
[0.5411361372395801],
[0.62042836967625059],
[0.61810803108593526],
[0.61690329200183613],
[0.61777289749754438],
[0.57149734381553441],
[0.57812555942122845],
[0.501093122761052],
[0.48438942238735239],
[0.34180674220549795],
[0.34609771096233133],
[0.6000427599728817],
[0.60467329056215857],
[0.63694124556953891],
[0.62403098311311389],
[0.46776519130564087],
[0.46832911916251385],
[0.53900077822859549],
[0.54187979635598993],
[0.66542330837614239],
[0.684338453561448],
[0.4723588934287295],
[0.47121940454402028],
[0.47938906837511219],
[0.46908957135292012],
[0.46964286037631819],
[0.46706507308883172],
[0.50391390331668207],
[0.51135711983359611],
[0.34652242194472105],
[0.34796556218543939],
[0.4999293097503566],
[0.506824811974798],
[0.48048224387187616],
[0.45807545480164658],
[0.59055972584193928],
[0.6077859567783066],
[0.40168876952783189],
[0.40198686189404381],
[0.50280505745283932],
[0.50194188885592861],
[0.41277063311115381],
[0.42887594136133916],
[0.58028154309306545],
[0.56158901532713323],
[0.64889359390378243],
[0.64430740972000022],
[0.4736138261736958],
[0.4781948584202329],
[0.60423825145882659],
[0.59424117445650171],
[0.697275153445408],
[0.76414139286726457],
[0.68809957995769544],
[0.62697482683525885],
[0.36178871901223275],
[0.36291211893815611],
[0.55104839413388085],
[0.5524653879846132],
[0.42965752656474421],
[0.45087543131278757],
[0.51145027412483912],
[0.48654975459413224],
[0.5024102868821787],
[0.53320089531858672],
[0.47849666038935745],
[0.4488382075985593],
[0.37557767625221045],
[0.36308786952293953],
[0.43643514608700684],
[0.45005073850613686],
[0.623824660806738],
[0.61986029609549931],
[0.40137009163801685],
[0.4147183145461939],
[0.46635050204227574],
[0.4743093532706279],
[0.62898278429586818],
[0.61278055182181845],
[0.59730037377323342],
[0.61030796739770365],
[0.65934137081502664],
[0.64915427479816012],
[0.56943709008252674],
[0.57027663173988341],
[0.37946608233751344],
[0.37609122139679685],
[0.47507939345631739],
[0.47536138201690253],
[0.4658672233567841],
[0.45909445085386225],
[0.50238362216339516],
[0.51762313748119793],
[0.45945112156737122],
[0.46594527070758146],
[0.39926665081259904],
[0.38147411406170795],
[0.71061894155210026],
[0.7067077893886764],
[0.59891583425618167],
[0.59557435420145954],
[0.36483333508425597],
[0.38560224705455048],
[0.49702210259719426],
[0.48886886319236472],
[0.46848985987071184],
[0.45892575905971672],
[0.64673990313908236],
[0.6428520035378501],
[0.4304058408196022],
[0.43992300478521784],
[0.38102502181403497],
[0.39537053012787909],
[0.57799324375436256],
[0.57768759449623364],
[0.47119528063136529],
[0.46361892589232478],
[0.53780881355175669],
[0.53583806004491585],
[0.4939270819028766],
[0.49392718242486178],
[0.43796042541735136],
[0.44049548020568319],
[0.2905864269179611],
[0.30841570597641421],
[0.63386796773112442],
[0.62029108574884351],
[0.65435062072982908],
[0.627361510521997],
[0.34834555294574937],
[0.37927395827161481],
[0.50632575182953288],
[0.48433399329166726],
[0.286032518164021],
[0.29591205873902104],
[0.55591991758327042],
[0.5542159781268724],
[0.59113035726303953],
[0.58971583934158822],
[0.28549861697987722],
[0.27865475153290054],
[0.44065080949204305],
[0.46145598292274775],
[0.4354357949080544],
[0.42517478336079573],
[0.64132571976372565],
[0.64217089713064279],
[0.36369507859763267],
[0.36484826135993348],
[0.62311005052971358],
[0.63219809897232992],
[0.37473861195439784],
[0.37164475028325938],
[0.65661144362059742],
[0.63043584472330894],
[0.49733278255246627],
[0.52403229644102245],
[0.50869084389350161],
[0.50073148202300888],
[0.44398006749579866],
[0.4510963248563673],
[0.54037356501778722],
[0.53354210518881851],
[0.65224760736638188],
[0.65959266023983887],
[0.57981976054342832],
[0.57584573541272621],
[0.27530274432241769],
[0.27165488150520639],
[0.404844417305782],
[0.40970677183970938],
[0.71930805668339448],
[0.64978068321575022],
[0.23149504469524915],
[0.29188012754413722],
[0.3728513479842957],
[0.41131611052079964],
[0.43351902393296371],
[0.41111799797873128],
[0.7449429818442036],
[0.72064904773685368],
[0.59035465834773071],
[0.58556971082844111],
[0.38940139120239259],
[0.41833772032824657],
[0.51550731152520246],
[0.49079105893278185],
[0.45346048688634566],
[0.46909035432323787],
[0.73704593971202859],
[0.75048554524157129],
[0.57603636182628648],
[0.54259409511401135],
[0.45914409504917708],
[0.467553099510629],
[0.60676049822941258],
[0.62500805147426752],
[0.55996446629330354],
[0.54510356673627736],
[0.60970905429455136],
[0.59633686085583326],
[0.49312011772040554],
[0.53685900912294271],
[0.52680407415648034],
[0.49533100033595179],
[0.4625372734086598],
[0.46309283381195354],
[0.59316944792204429],
[0.59930879085651423],
[0.48837011276613262],
[0.4797308907649358],
[0.31544637744031928],
[0.3591506267611817],
[0.62374805739666317],
[0.580868939465064],
[0.39411651453244695],
[0.41760096247515721],
[0.45906593802124251],
[0.43780588900308937],
[0.46629443877411403],
[0.44728837418449041],
[0.48922118120406188],
[0.50654258440672573],
[0.46237323315618517],
[0.5067032590900169],
[0.30968110669551258],
[0.29383005212376034],
[0.32801526182103513],
[0.30942833527416608],
[0.28662484132237487],
[0.27119690818670794],
[0.69585806250890114],
[0.74932501041811839],
[0.69990433503156568],
[0.64684104639713347],
[0.49307285423655334],
[0.489683580759782],
[0.62136110269631784],
[0.65268931038621281],
[0.522674564832537],
[0.52153950855670739],
[0.4761592548982953],
[0.43563776399922088],
[0.5460829685308155],
[0.56913812170824374],
[0.461740204305645],
[0.46738063668566437],
[0.42953306566928079],
[0.43687934031488324],
[0.51622310966070173],
[0.49110922758072928],
[0.533676797392245],
[0.542701205089146],
[0.70065423390534542],
[0.706560563014883],
[0.5441565357294802],
[0.52877659850825076],
[0.33541821646581205],
[0.35305433212574727],
[0.60788512822923835],
[0.60394804625024379],
[0.5140856044914619],
[0.53226781058293782],
[0.32953422534644311],
[0.32682724947763786],
[0.5332783317976959],
[0.5245577337982601],
[0.53429012461014591],
[0.546340416877177],
[0.304444635808682],
[0.28932702538863064],
[0.28386401406847267],
[0.27334916350378569],
[0.29102891229144251],
[0.27299396869323644],
[0.61790431129527057],
[0.65193627460651249],
[0.29056278361022958],
[0.2972511342008376],
[0.60821829834350694],
[0.58835833813056815],
[0.56383499303404283],
[0.57072683338230035],
[0.741656770325966],
[0.70886122225463111],
[0.4059763302731586],
[0.4373156245990929],
[0.39611366623142108],
[0.40324146745886857],
[0.59824129244120194],
[0.5746461852544702],
[0.45004410537396544],
[0.47589951129348118],
[0.37107412764241471],
[0.33777971782116367],
[0.63328646069366312],
[0.66685837351882682],
[0.57583129857234638],
[0.57665870834745014],
[0.73281548993937062],
[0.72539560974077344],
[0.28673092290082369],
[0.28053286625871748],
[0.53830717281314666],
[0.52501497160642807],
[0.6075364180316305],
[0.62083191497147627],
[0.34717881119961763],
[0.3548313588398298],
[0.423936196407648],
[0.38690903074345528],
[0.58150163312786884],
[0.63800361828759644],
[0.3256378007293928],
[0.33589756331465126],
[0.3842138672951903],
[0.37021296048284913],
[0.54859964884667156],
[0.52006609944618887]]