mbtIn = [[0.46952979645809356,0.23477015913011309],
[0.91926606718892823,0.694397931823511],
[0.49074876104379334,0.70500741411636081],
[0.82641173302554283,0.65858024703466811],
[0.57006799340517289,0.69823986321535791],
[0.36989639895724163,0.46998219618120729],
[0.51402417127363265,0.44196028511543717],
[0.84150637216514212,0.67776527171938739],
[0.49696324331957314,0.66923480774235766],
[0.644352018438528,0.57065763087905053],
[0.51540271838709684,0.57987736841281246],
[0.20293228328685164,0.35916750083697424],
[0.46996900917498563,0.33645064623091864],
[0.17254702576426212,0.3212580174696239],
[0.51173167604348557,0.34213935090387382],
[0.28736618350685994,0.39954892977517276],
[0.50243398749985291,0.39490008550335642],
[0.73929232559205948,0.62086315654595614],
[0.52798161599643589,0.63363697079424774],
[0.85090695158693386,0.68944428379168488],
[0.51622729749761453,0.6835671245422742],
[0.19252036759962876,0.35437383254862165],
[0.53254498900449432,0.36253267830206154],
[0.85508462714723432,0.69381480807586438],
[0.546040711241382,0.7005626691943081],
[0.40283581127098766,0.47443826125618482],
[0.54454602899348958,0.47369092013223862],
[0.45400685030437549,0.49927643964893254],
[0.52387333524528934,0.48894009277483241],
[0.55896793012691182,0.54142063268610063],
[0.54980463534377122,0.55438628273534152],
[0.0097489980912762175,0.27977681671752375],
[0.54679225367253792,0.2782706258819071],
[0.22698352379545264,0.38688788873399527],
[0.46803823783903603,0.34751088081724435],
[0.66998437299209068,0.56901130541556333],
[0.5133975184319487,0.59169094571201963],
[0.759234603469742,0.63631606095084536],
[0.45737769294477065,0.60830614820725637],
[0.15996716538239072,0.30867242916358067],
[0.54928986404092761,0.35462851471165918],
[0.90873761881961723,0.72901374143027242],
[0.49930352430900904,0.70402057156431308],
[0.76284764585053721,0.63107558507977313],
[0.50392411289280625,0.63338587937167179],
[0.16122604855861214,0.33257508072570918],
[0.49853167037107449,0.3298788594648433],
[0.68359590199966258,0.59106378618536848],
[0.51014711761141041,0.59687150980553649],
[0.46910727019139792,0.48962719390140419],
[0.52098934532674857,0.49504830775907327],
[0.26536199418113204,0.3931756697539403],
[0.49231175900238677,0.37883687659175941],
[0.33447455908444029,0.41339315904341356],
[0.51101191909310317,0.42274323908877176],
[0.3355430131302265,0.42327746611166484],
[0.49776625700757188,0.41665463506889922],
[0.613622090101618,0.55569417355459494],
[0.50712037339627514,0.56037123174894654],
[0.64819003944661668,0.577655206421446],
[0.52341081521677146,0.58580042733169413],
[0.087656086697388863,0.30553345095708018],
[0.50953632974886065,0.29859620822312477],
[0.36685755464983244,0.43819694219934657],
[0.46249088547139777,0.41467422006061511],
[0.48913612647763632,0.47581350597451705],
[0.5260466429470585,0.50759138471234744],
[0.22492716978342428,0.3754869063652414],
[0.493055384723925,0.35899127725367463],
[0.57143354438571459,0.53224446455481977],
[0.50645673473930641,0.53894513956251044],
[0.5371128319852011,0.52178478336225376],
[0.48833500262623247,0.51272391730571676],
[0.3438774819751424,0.41610624230068743],
[0.49700132290025478,0.42043940243769862],
[0.60657039905151955,0.55178586097588722],
[0.48517890086965654,0.545874649960588],
[0.35889248966438148,0.422035695267019],
[0.49779202355491636,0.42834225660964892],
[0.75920168578696534,0.62849685467094085],
[0.50014181801124,0.62967175189910263],
[0.31688540022090311,0.4085136091160716],
[0.49699963434666578,0.40694251728378444],
[0.043441456035168864,0.27022054519091732],
[0.58309449998368357,0.31326797800942624],
[0.745608004634694,0.66435125230918879],
[0.47086045820656536,0.60823423142062971],
[0.81057755435263668,0.640719006279601],
[0.47728018409067774,0.64392886922165715],
[0.474911544931202,0.47609586451093988],
[0.52225564288077353,0.49858359390598778],
[0.084390736745105013,0.30332318981293926],
[0.5153194378800523,0.29985508731257865],
[0.32187394865664237,0.41859669326834736],
[0.49063500872544907,0.4062544786910457],
[0.48026723011756745,0.48545111942150826],
[0.50500056992497488,0.49263390002127116],
[0.50340327318902878,0.50420192155700183],
[0.47071161528917688,0.4870574442391028],
[0.24264655839511512,0.356679086842146],
[0.50744376911194777,0.37504516375353147],
[0.53382721189904525,0.52063549050549651],
[0.51863765946243068,0.526232435680738],
[0.31605149611114725,0.41734457778678896],
[0.47376602654655964,0.39490876132885344],
[0.57668087006275526,0.52522344830465739],
[0.50584934345373345,0.54126510675824435],
[0.46978903295327695,0.48781918820350523],
[0.497026963497178,0.48340799822522751],
[0.929481941315605,0.71325445240639151],
[0.53351759784965125,0.73149976958262819],
[0.62822059320350143,0.58086909552657628],
[0.49462952715384362,0.56142506017867255],
[0.42382378065929044,0.45922665390656703],
[0.46688910832925834,0.44535644449427436],
[0.37568532867659166,0.421287218502925],
[0.50178586723185648,0.43873559795422407],
[0.646708231329617,0.57424704928073678],
[0.52159432416046514,0.584151277745041],
[0.65066988968118167,0.5861321069208234],
[0.48197260200801822,0.5663212458446],
[0.61812394867004283,0.55004827533903056],
[0.49621262252597848,0.55716828559801068],
[0.54271822232536737,0.519465422425673],
[0.47805996682054258,0.510389094572955],
[0.2966642438287172,0.38736210532462989],
[0.50255276500440094,0.39960850441655904],
[0.40847191374338909,0.455512339373895],
[0.5017678557688614,0.45511988475612525],
[0.740551750955638,0.62115980336224963],
[0.48910252697828877,0.61482713896696339],
[0.79569465806458717,0.64239859252143794],
[0.48913295200735118,0.64241380503596912],
[0.58725545408771862,0.53819420304753485],
[0.46171811279017483,0.52448678343894672],
[0.22325908542969142,0.34248859910993312],
[0.49463326940012864,0.35894617741491003],
[0.21688601413974246,0.35575964176993558],
[0.50414228043242282,0.36051414728608266],
[0.20638942792466952,0.35526585417854617],
[0.52486434946433491,0.36562688869450222],
[0.2345020780214474,0.37968321374289116],
[0.47465562014117663,0.354578849081312],
[0.60031843611553914,0.53748702812835791],
[0.45639783398222095,0.52835813504888007],
[0.72141253582956211,0.5889051849058915],
[0.5288204582872077,0.6251164970583849],
[0.4731630823886438,0.50099177033792575],
[0.5216724104005559,0.49741774639459985],
[0.589088050253168,0.555380230326862],
[0.48191985240610358,0.5355039513296358],
[0.6065355380146894,0.54422769521039649],
[0.49780281299270634,0.55216917550369793],
[0.50652995461030659,0.50216638380150647],
[0.51207870059597149,0.509304327603139],
[0.62949090798652951,0.57078480429125045],
[0.51757717104178524,0.57353403951415738],
[0.45360045789052073,0.485588814466153],
[0.49700599854380229,0.47530322821716153],
[0.38198646561997723,0.43949623208188976],
[0.5049392047699669,0.44346283519497209],
[0.34507864754407125,0.42500892615701907],
[0.51607849436258335,0.4305785709533273],
[0.43615487814934345,0.47611668625596337],
[0.48429316088977481,0.46022401951955916],
[0.44315507295000856,0.46372411691989168],
[0.50497304240020446,0.47406405767510651],
[0.73573408591159239,0.62035356415589837],
[0.47245224819213277,0.60409316705186256],
[0.25958244579269818,0.3660173469924155],
[0.49860653573629687,0.37909449076449753],
[0.42199308838703331,0.46029981206166509],
[0.49542240045330521,0.45870774442016926],
[0.36782518089604088,0.43162379067467305],
[0.50659829229264985,0.43721173659434537],
[0.49861520659006953,0.50260674944135975],
[0.50659600082750544,0.50260560370878749],
[0.23861222978169508,0.37260411530460025],
[0.48821197197644833,0.36341210087907172],
[0.64558994062480246,0.56690095630062542],
[0.50501740362853043,0.57530367212666644],
[0.77147748636473112,0.63824744499663078],
[0.4898511807287439,0.63066433354673745],
[0.8897506454275399,0.689800913078142],
[0.49226226150500874,0.69100645346627432],
[0.57924628840652648,0.53575427495576755],
[0.49542240045330521,0.5373343444299159],
[0.66480757973426019,0.58011499009378276],
[0.47183080176529635,0.56831919074977821],
[0.49620985116848382,0.48402032646689008],
[0.48046808853615214,0.48833896985231795],
[0.58434513946584654,0.53240661400099931],
[0.49306269330779384,0.53870391638682014],
[0.62844442700207059,0.56075356015493227],
[0.47267609832732782,0.55056026266469926],
[0.51034215189967214,0.4915091251135],
[0.47267355303506625,0.49150785246736917],
[0.50170603333855557,0.48718979318681088],
[0.46953587964740379,0.48562095649297965],
[0.60755355709196046,0.5385447183696821],
[0.51580975135490981,0.56168165422343508],
[0.57020039848908577,0.54300507492199779],
[0.51108631606654131,0.54064335727781354],
[0.58156878679249346,0.54632755142951739],
[0.50324413854364758,0.54240646266807047],
[0.4255512356310574,0.46439768708735252],
[0.475864955323294,0.45070809547717572],
[0.64737307923978538,0.56161901728153962],
[0.50167323531075991,0.5745231572752727],
[0.60917813199870241,0.55542568365473111],
[0.50478208655851553,0.556980109278609],
[0.46427850443237978,0.48453029549544768],
[0.50634516853799927,0.4853118364851895],
[0.32916590844362992,0.41775553849081459],
[0.4735446711453144,0.40135528979447216],
[0.70519287556542232,0.5893687733553683],
[0.51646954187183014,0.61083120871862628],
[0.32651582922445505,0.42149268554814256],
[0.52431622559914592,0.42541602741180051],
[0.51026348855466219,0.517289857076904],
[0.49307934604060388,0.50167141729763309],
[0.14549302905903927,0.31928618754982158],
[0.53778314131556759,0.34163808518730343],
[0.61051834721612219,0.57415074426584489],
[0.48836577844989421,0.54944206283300823],
[0.76675575625663839,0.62756076735326627],
[0.4891760608439521,0.62796590855029522],
[0.66178614482911757,0.57548110283653486],
[0.52111539672977314,0.59145077077944541],
[0.50866005179803842,0.51488772426390583],
[0.47752572063469662,0.49309288621636749],
[0.4031353988867124,0.44033055976070451],
[0.49230317185319711,0.44771928536995476],
[0.65386632424470981,0.57308474804895349],
[0.4814231694780689,0.56764474686138933],
[0.27375111418564479,0.37758714183185682],
[0.49073750954752404,0.38224431186658442],
[0.65758319071185123,0.57416035012968769],
[0.49152732920806819,0.57455525995995971],
[0.28741371335882782,0.389470521283448],
[0.49620399121650649,0.39180885228766715],
[0.32199591054739318,0.40909995088194984],
[0.488370986934857,0.40518344874112511],
[0.59300943380735494,0.540690210371106],
[0.53604538474482555,0.56452740927609024],
[0.38628670172904023,0.46116604323693289],
[0.51421831196060863,0.45025250684482443],
[0.45014680109710059,0.48218255652885461],
[0.48837043488427645,0.46925861799068852],
[0.398794578591831,0.44358250673805372],
[0.51190114793165342,0.4553478632617422],
[0.5384924393752839,0.52519679365346872],
[0.50875218990407389,0.5236223146396789],
[0.301272606067507,0.40501239798579047],
[0.51036073292970718,0.40581666949860706],
[0.200973903327162,0.35566731812843461],
[0.50253242284110633,0.35175316308413418],
[0.53720973324445165,0.519871078042779],
[0.50173803844521747,0.51947388584483456],
[0.60956723083235054,0.555652634638784],
[0.51669236146080988,0.56312979614658021],
[0.77765240268718927,0.64717238207399963],
[0.50404925845006432,0.64085083056862679],
[0.60360643296456529,0.5538278457073148],
[0.50481754323120653,0.554211988097886],
[0.3648612765602654,0.434839409895736],
[0.50326576737274187,0.43406352196650366],
[0.46722846247955291,0.48524711492614736],
[0.47034457370610705,0.46878651809283],
[0.37849487917362445,0.42441972643986575],
[0.47186066693049644,0.42517777305206045],
[0.62768243487892839,0.54977155090471241],
[0.51111859401235848,0.56940051444564344],
[0.45784112792314624,0.48447986096775236],
[0.51739857268561829,0.48761985030438226],
[0.435316034976988,0.47635730383130315],
[0.49385121787755976,0.46458362642727391],
[0.77486415437084,0.63435768612419985],
[0.47978789785232179,0.627326026111581],
[0.68939276107706537,0.58459032946469358],
[0.48450521527361934,0.58694898817534236],
[0.45883641112196477,0.471670813197792],
[0.52272276348718194,0.49077958730457338],
[0.49854344473461326,0.51063310411089757],
[0.49854330569434246,0.49854337521447789],
[0.50166390737642752,0.500103606535385],
[0.51725678103576034,0.50946034420609387],
[0.76831981304347752,0.64278829703961893],
[0.48921129513879241,0.628765554091135],
[0.52258318431616613,0.50589723972747924],
[0.47680490071453419,0.49969404251535016],
[0.5140526030992012,0.49542875190686769],
[0.49930373933755062,0.50667817121837588],
[0.6538708278472789,0.57658728359241473],
[0.508586031115396,0.58122842948133746],
[0.4338398528913322,0.47121294200336411],
[0.49542240045330521,0.46463112667231871],
[0.70280898156072136,0.59911569100701323],
[0.49619491551560924,0.5995019485381653],
[0.63692830545382118,0.56656161048471521],
[0.50390231646969608,0.57041531096175868],
[0.48925666583116995,0.496579491150433],
[0.48309257130460936,0.48617461856788968],
[0.30678467253021169,0.39493862191741053],
[0.49851530058813981,0.40264998655917572],
[0.54553823567700832,0.52202676813257409],
[0.49387719252091622,0.51970771409896233],
[0.699681428939765,0.59677931073034063],
[0.48002476163544539,0.58985309528760521],
[0.3632552753943204,0.42164001851488286],
[0.51779877728618728,0.44052702634025387],
[0.58033097769644437,0.54906487749131583],
[0.50081764518266247,0.54057431143955337],
[0.26342278212815484,0.38212021365540866],
[0.50393040128972466,0.38367659170893975],
[0.55243893534749378,0.52818466831860922],
[0.51396327430254618,0.53320110482502],
[0.54243216032002672,0.5281977173112864],
[0.51086029166112512,0.526646225990576],
[0.47845174063379003,0.49465601614745758],
[0.49773851507325784,0.48809512785352394],
[0.42719611864829971,0.4624673168607788],
[0.5162795739963093,0.47173784632230453],
[0.26475836750748882,0.39051897075189906],
[0.49077099974132893,0.37776468362440885],
[0.7231419559658222,0.60695647785357554],
[0.50314890581320282,0.61314543088951257],
[0.67787095259936625,0.59050992920628453],
[0.49619286792210626,0.5870319102607362],
[0.77865373680272654,0.6374233023624164],
[0.5023250666944985,0.64048940174861246],
[0.34415445415409812,0.42323976042429834],
[0.51002390454885149,0.42708917935147483],
[0.84405209428317218,0.67703799941601184],
[0.45504923718467544,0.64955066573392384],
[0.43914644698472172,0.4470978420846986],
[0.511481098328298,0.47531377265650987],
[0.59879327264008086,0.55513718548418944],
[0.49465889893549203,0.54672608578778648],
[0.30129668234581236,0.3979777906406522],
[0.50461145363800985,0.40295406799191114],
[0.51302880193704936,0.50882012778752961],
[0.48853414425377872,0.5007814730954141],
[0.75031717163794831,0.61942565794586346],
[0.50990809241887414,0.63011263202841117],
[0.52968696213403677,0.51979752727645545],
[0.49466044354498162,0.51217370283950925],
[0.46575027747772368,0.48020536051135265],
[0.51904221862753253,0.4923962480526281],
[0.36391785234720653,0.44148003548736953],
[0.51984191112764377,0.44187988173742515],
[0.9885177444791885,0.75417982780341619],
[0.50894193564352541,0.7487298400613569],
[0.36294239883527218,0.43594216723939883],
[0.51122180084343061,0.43708209983935142],
[0.76546747687432215,0.63834463885887638],
[0.56395747810011365,0.664712477487218],
[0.26503255264573805,0.41449501537292588],
[0.46767162947165636,0.3663520910586972],
[0.76999271395373681,0.61883217171269655],
[0.52233402343189472,0.64616336869281576],
[0.43077926273191053,0.4765566430819026],
[0.49991320731162092,0.46534623502176575],
[0.30537823678886217,0.40264572205024152],
[0.52167525248381974,0.413526744636341],
[0.62607560310442112,0.57387542779412049],
[0.499166699138338,0.56262115112137956],
[0.33201030572386636,0.41558850243110218],
[0.451272901364303,0.39164160354408467],
[0.95337636251407376,0.70232463193918837],
[0.45466649642105639,0.70402142946756507],
[0.079243797420225151,0.26695514692064076],
[0.50292171256327811,0.29108275499175162],
[0.8616849050312485,0.68230330879726331],
[0.48499629307978365,0.67334059905551613],
[0.45677503622895044,0.47088566465436704],
[0.50734876646835447,0.48206190134865246],
[0.48052303682464148,0.493935901646498],
[0.48051986824351661,0.48052145253407907],
[0.87011378877261736,0.675316828508067],
[0.49023911655139474,0.680176452662006],
[0.51615193414363658,0.50319552534751566],
[0.51836377369910069,0.51725785392136858],
[0.84081030974871862,0.6795870417239096],
[0.46896972994870512,0.65489001984871187],
[0.4339556890504444,0.45146270949957479],
[0.4946857774990408,0.4643207332747426],
[0.75285832870599345,0.62377205310251715],
[0.50569347443474033,0.62927590157036684],
[0.59257832913451858,0.54913590178462945],
[0.48443754200370409,0.53850793556911136],
[0.32295501311106645,0.40369627755738524],
[0.524047171246121,0.42350109217859372],
[0.983011593688472,0.7535293824672965],
[0.47084546822303025,0.72692853095575116],
[0.060210243331563114,0.26552785577729671],
[0.55367297709255825,0.30694161021206068],
[0.315803689465532,0.4347383332790451],
[0.53417503754716811,0.42498936350635008],
[0.19215110457815665,0.36316307106266238],
[0.44559300193564988,0.31887205325690327],
[0.69604645764910578,0.57081972979237783],
[0.47708579662824718,0.58656612713867651],
[0.5798481140517221,0.52846695533998467],
[0.55963826044633791,0.56974318724903],
[0.10070393553840003,0.330171097992369],
[0.57094697709089626,0.33582545631464816],
[0.79606651656439864,0.68350674682764745],
[0.51376402764130957,0.65491527210285416],
[0.016527753852580655,0.26514589074694511],
[0.53110610304755,0.27381692845006533],
[0.56349779939748,0.547301951222515],
[0.51622686459402456,0.53986233199575229],
[0.8020146801992688,0.65912077239664668],
[0.45633642928080836,0.62917555474003861],
[0.24031014108398355,0.34832328518239597],
[0.49022389652968912,0.36526701880683632],
[0.85343351698864511,0.67182870675916706],
[0.52271201613972773,0.68807276656418637],
[0.768161120208477,0.64543656817410233],
[0.52917458105261728,0.64866785063054722],
[0.46755932983337739,0.49836695544299736],
[0.50497103155291323,0.48626518069314528],
[0.32774276852150142,0.41635690003720732],
[0.513824321854282,0.42078354518789168],
[0.345848050292575,0.42983618607342844],
[0.45495649247774161,0.40040227138515827],
[0.33879588141591443,0.396876186946828],
[0.48506739481947375,0.41193163811769407],
[0.90403467320708153,0.69455103401327767],
[0.52695355585457293,0.71549411453082723],
[0.61432571304124961,0.57063963444791121],
[0.46835824255215108,0.54134197779670035],
[0.91579001965788576,0.69207413110501848],
[0.50123391274925488,0.70851196620357038],
[0.54396205028934874,0.52259798151930181],
[0.48308698509029896,0.51352451768982388],
[0.1631749087622692,0.32313094692628408],
[0.50199419380475352,0.33258455128351139],
[0.81962263742705088,0.6608084156159022],
[0.47945563896053384,0.64953913819379239],
[0.91348718252027628,0.69647141074040508],
[0.50766458681588655,0.71057588466808141],
[0.088961947873123351,0.298313267344505],
[0.52226674823799035,0.30561434805555687],
[0.6798021844571509,0.60103446634757063],
[0.49325127560574572,0.58652673003144828],
[0.27150543604792338,0.38237835582683455],
[0.48598315277148829,0.37874429440970581],
[0.68434592699578556,0.58516453988363692],
[0.48818042759945252,0.586263177297619],
[0.25999335203793045,0.37408688981869148],
[0.50705449816589587,0.38352392510191313],
[0.23909907922811482,0.37307678869700533],
[0.45683226230690982,0.34796567076751234],
[0.83138632197205342,0.64410929213948165],
[0.49832683521470372,0.66485657859337854],
[0.13200100796953276,0.31516392159211826],
[0.50126980744730154,0.31663540770841714],
[0.42434178914817661,0.46280579829773905],
[0.523932890382505,0.47413733976534078],
[0.52610896985821443,0.52502093012035966],
[0.50273227751791882,0.51442062368806662],
[0.9817978291524011,0.74226505333516],
[0.454463131331398,0.71813048024189952],
[0.18696433524462661,0.32071373328801228],
[0.52510986607939336,0.35603710066201],
[0.29311946900046976,0.40911466753993153],
[0.45339772304988418,0.37325859602517697],
[0.32672229978002687,0.3900600114149555],
[0.50854130663220765,0.41763180320611726],
[0.72244074466381047,0.61549102564800906],
[0.49542240045330521,0.60893157255855779],
[0.65352766067631152,0.57447503056480831],
[0.556740078222256,0.60513386944928382],
[0.27204283317895861,0.41439145570060731],
[0.51067455172216947,0.39135869245056404],
[0.8977372976236152,0.70420592467289234],
[0.47741928005136314,0.68757828883748917],
[0.84068971750884847,0.6590544987801058],
[0.45753921904153166,0.64911446827519],
[0.14624261547804598,0.30189091725978884],
[0.46373796803529582,0.30499029175667092],
[0.90996383384689561,0.68685090094109569],
[0.46327322296839912,0.68661852840764737],
[0.32718815588827527,0.39523068942833717],
[0.51981481464503609,0.42350148526665565],
[0.16938869590902375,0.34460175527702991],
[0.47091495395094024,0.320151824929982],
[0.24374742631981805,0.35733119013537917],
[0.31205461659205758,0.27790102145593781],
[0.76071312139228775,0.53638386899217272],
[0.58148317565689178,0.67109814852458971],
[0.12834673502440672,0.35491495534064926],
[0.57343969367963077,0.35089321435201876],
[0.57193202062118509,0.57268585715040787],
[0.54106095283527411,0.5564964867282296],
[0.15739842820536898,0.34922969052032155]]
mbtIn = [[0.694397931823511],
[0.70500741411636081],
[0.65858024703466811],
[0.69823986321535791],
[0.46998219618120729],
[0.44196028511543717],
[0.67776527171938739],
[0.66923480774235766],
[0.57065763087905053],
[0.57987736841281246],
[0.35916750083697424],
[0.33645064623091864],
[0.3212580174696239],
[0.34213935090387382],
[0.39954892977517276],
[0.39490008550335642],
[0.62086315654595614],
[0.63363697079424774],
[0.68944428379168488],
[0.6835671245422742],
[0.35437383254862165],
[0.36253267830206154],
[0.69381480807586438],
[0.7005626691943081],
[0.47443826125618482],
[0.47369092013223862],
[0.49927643964893254],
[0.48894009277483241],
[0.54142063268610063],
[0.55438628273534152],
[0.27977681671752375],
[0.2782706258819071],
[0.38688788873399527],
[0.34751088081724435],
[0.56901130541556333],
[0.59169094571201963],
[0.63631606095084536],
[0.60830614820725637],
[0.30867242916358067],
[0.35462851471165918],
[0.72901374143027242],
[0.70402057156431308],
[0.63107558507977313],
[0.63338587937167179],
[0.33257508072570918],
[0.3298788594648433],
[0.59106378618536848],
[0.59687150980553649],
[0.48962719390140419],
[0.49504830775907327],
[0.3931756697539403],
[0.37883687659175941],
[0.41339315904341356],
[0.42274323908877176],
[0.42327746611166484],
[0.41665463506889922],
[0.55569417355459494],
[0.56037123174894654],
[0.577655206421446],
[0.58580042733169413],
[0.30553345095708018],
[0.29859620822312477],
[0.43819694219934657],
[0.41467422006061511],
[0.47581350597451705],
[0.50759138471234744],
[0.3754869063652414],
[0.35899127725367463],
[0.53224446455481977],
[0.53894513956251044],
[0.52178478336225376],
[0.51272391730571676],
[0.41610624230068743],
[0.42043940243769862],
[0.55178586097588722],
[0.545874649960588],
[0.422035695267019],
[0.42834225660964892],
[0.62849685467094085],
[0.62967175189910263],
[0.4085136091160716],
[0.40694251728378444],
[0.27022054519091732],
[0.31326797800942624],
[0.66435125230918879],
[0.60823423142062971],
[0.640719006279601],
[0.64392886922165715],
[0.47609586451093988],
[0.49858359390598778],
[0.30332318981293926],
[0.29985508731257865],
[0.41859669326834736],
[0.4062544786910457],
[0.48545111942150826],
[0.49263390002127116],
[0.50420192155700183],
[0.4870574442391028],
[0.356679086842146],
[0.37504516375353147],
[0.52063549050549651],
[0.526232435680738],
[0.41734457778678896],
[0.39490876132885344],
[0.52522344830465739],
[0.54126510675824435],
[0.48781918820350523],
[0.48340799822522751],
[0.71325445240639151],
[0.73149976958262819],
[0.58086909552657628],
[0.56142506017867255],
[0.45922665390656703],
[0.44535644449427436],
[0.421287218502925],
[0.43873559795422407],
[0.57424704928073678],
[0.584151277745041],
[0.5861321069208234],
[0.5663212458446],
[0.55004827533903056],
[0.55716828559801068],
[0.519465422425673],
[0.510389094572955],
[0.38736210532462989],
[0.39960850441655904],
[0.455512339373895],
[0.45511988475612525],
[0.62115980336224963],
[0.61482713896696339],
[0.64239859252143794],
[0.64241380503596912],
[0.53819420304753485],
[0.52448678343894672],
[0.34248859910993312],
[0.35894617741491003],
[0.35575964176993558],
[0.36051414728608266],
[0.35526585417854617],
[0.36562688869450222],
[0.37968321374289116],
[0.354578849081312],
[0.53748702812835791],
[0.52835813504888007],
[0.5889051849058915],
[0.6251164970583849],
[0.50099177033792575],
[0.49741774639459985],
[0.555380230326862],
[0.5355039513296358],
[0.54422769521039649],
[0.55216917550369793],
[0.50216638380150647],
[0.509304327603139],
[0.57078480429125045],
[0.57353403951415738],
[0.485588814466153],
[0.47530322821716153],
[0.43949623208188976],
[0.44346283519497209],
[0.42500892615701907],
[0.4305785709533273],
[0.47611668625596337],
[0.46022401951955916],
[0.46372411691989168],
[0.47406405767510651],
[0.62035356415589837],
[0.60409316705186256],
[0.3660173469924155],
[0.37909449076449753],
[0.46029981206166509],
[0.45870774442016926],
[0.43162379067467305],
[0.43721173659434537],
[0.50260674944135975],
[0.50260560370878749],
[0.37260411530460025],
[0.36341210087907172],
[0.56690095630062542],
[0.57530367212666644],
[0.63824744499663078],
[0.63066433354673745],
[0.689800913078142],
[0.69100645346627432],
[0.53575427495576755],
[0.5373343444299159],
[0.58011499009378276],
[0.56831919074977821],
[0.48402032646689008],
[0.48833896985231795],
[0.53240661400099931],
[0.53870391638682014],
[0.56075356015493227],
[0.55056026266469926],
[0.4915091251135],
[0.49150785246736917],
[0.48718979318681088],
[0.48562095649297965],
[0.5385447183696821],
[0.56168165422343508],
[0.54300507492199779],
[0.54064335727781354],
[0.54632755142951739],
[0.54240646266807047],
[0.46439768708735252],
[0.45070809547717572],
[0.56161901728153962],
[0.5745231572752727],
[0.55542568365473111],
[0.556980109278609],
[0.48453029549544768],
[0.4853118364851895],
[0.41775553849081459],
[0.40135528979447216],
[0.5893687733553683],
[0.61083120871862628],
[0.42149268554814256],
[0.42541602741180051],
[0.517289857076904],
[0.50167141729763309],
[0.31928618754982158],
[0.34163808518730343],
[0.57415074426584489],
[0.54944206283300823],
[0.62756076735326627],
[0.62796590855029522],
[0.57548110283653486],
[0.59145077077944541],
[0.51488772426390583],
[0.49309288621636749],
[0.44033055976070451],
[0.44771928536995476],
[0.57308474804895349],
[0.56764474686138933],
[0.37758714183185682],
[0.38224431186658442],
[0.57416035012968769],
[0.57455525995995971],
[0.389470521283448],
[0.39180885228766715],
[0.40909995088194984],
[0.40518344874112511],
[0.540690210371106],
[0.56452740927609024],
[0.46116604323693289],
[0.45025250684482443],
[0.48218255652885461],
[0.46925861799068852],
[0.44358250673805372],
[0.4553478632617422],
[0.52519679365346872],
[0.5236223146396789],
[0.40501239798579047],
[0.40581666949860706],
[0.35566731812843461],
[0.35175316308413418],
[0.519871078042779],
[0.51947388584483456],
[0.555652634638784],
[0.56312979614658021],
[0.64717238207399963],
[0.64085083056862679],
[0.5538278457073148],
[0.554211988097886],
[0.434839409895736],
[0.43406352196650366],
[0.48524711492614736],
[0.46878651809283],
[0.42441972643986575],
[0.42517777305206045],
[0.54977155090471241],
[0.56940051444564344],
[0.48447986096775236],
[0.48761985030438226],
[0.47635730383130315],
[0.46458362642727391],
[0.63435768612419985],
[0.627326026111581],
[0.58459032946469358],
[0.58694898817534236],
[0.471670813197792],
[0.49077958730457338],
[0.51063310411089757],
[0.49854337521447789],
[0.500103606535385],
[0.50946034420609387],
[0.64278829703961893],
[0.628765554091135],
[0.50589723972747924],
[0.49969404251535016],
[0.49542875190686769],
[0.50667817121837588],
[0.57658728359241473],
[0.58122842948133746],
[0.47121294200336411],
[0.46463112667231871],
[0.59911569100701323],
[0.5995019485381653],
[0.56656161048471521],
[0.57041531096175868],
[0.496579491150433],
[0.48617461856788968],
[0.39493862191741053],
[0.40264998655917572],
[0.52202676813257409],
[0.51970771409896233],
[0.59677931073034063],
[0.58985309528760521],
[0.42164001851488286],
[0.44052702634025387],
[0.54906487749131583],
[0.54057431143955337],
[0.38212021365540866],
[0.38367659170893975],
[0.52818466831860922],
[0.53320110482502],
[0.5281977173112864],
[0.526646225990576],
[0.49465601614745758],
[0.48809512785352394],
[0.4624673168607788],
[0.47173784632230453],
[0.39051897075189906],
[0.37776468362440885],
[0.60695647785357554],
[0.61314543088951257],
[0.59050992920628453],
[0.5870319102607362],
[0.6374233023624164],
[0.64048940174861246],
[0.42323976042429834],
[0.42708917935147483],
[0.67703799941601184],
[0.64955066573392384],
[0.4470978420846986],
[0.47531377265650987],
[0.55513718548418944],
[0.54672608578778648],
[0.3979777906406522],
[0.40295406799191114],
[0.50882012778752961],
[0.5007814730954141],
[0.61942565794586346],
[0.63011263202841117],
[0.51979752727645545],
[0.51217370283950925],
[0.48020536051135265],
[0.4923962480526281],
[0.44148003548736953],
[0.44187988173742515],
[0.75417982780341619],
[0.7487298400613569],
[0.43594216723939883],
[0.43708209983935142],
[0.63834463885887638],
[0.664712477487218],
[0.41449501537292588],
[0.3663520910586972],
[0.61883217171269655],
[0.64616336869281576],
[0.4765566430819026],
[0.46534623502176575],
[0.40264572205024152],
[0.413526744636341],
[0.57387542779412049],
[0.56262115112137956],
[0.41558850243110218],
[0.39164160354408467],
[0.70232463193918837],
[0.70402142946756507],
[0.26695514692064076],
[0.29108275499175162],
[0.68230330879726331],
[0.67334059905551613],
[0.47088566465436704],
[0.48206190134865246],
[0.493935901646498],
[0.48052145253407907],
[0.675316828508067],
[0.680176452662006],
[0.50319552534751566],
[0.51725785392136858],
[0.6795870417239096],
[0.65489001984871187],
[0.45146270949957479],
[0.4643207332747426],
[0.62377205310251715],
[0.62927590157036684],
[0.54913590178462945],
[0.53850793556911136],
[0.40369627755738524],
[0.42350109217859372],
[0.7535293824672965],
[0.72692853095575116],
[0.26552785577729671],
[0.30694161021206068],
[0.4347383332790451],
[0.42498936350635008],
[0.36316307106266238],
[0.31887205325690327],
[0.57081972979237783],
[0.58656612713867651],
[0.52846695533998467],
[0.56974318724903],
[0.330171097992369],
[0.33582545631464816],
[0.68350674682764745],
[0.65491527210285416],
[0.26514589074694511],
[0.27381692845006533],
[0.547301951222515],
[0.53986233199575229],
[0.65912077239664668],
[0.62917555474003861],
[0.34832328518239597],
[0.36526701880683632],
[0.67182870675916706],
[0.68807276656418637],
[0.64543656817410233],
[0.64866785063054722],
[0.49836695544299736],
[0.48626518069314528],
[0.41635690003720732],
[0.42078354518789168],
[0.42983618607342844],
[0.40040227138515827],
[0.396876186946828],
[0.41193163811769407],
[0.69455103401327767],
[0.71549411453082723],
[0.57063963444791121],
[0.54134197779670035],
[0.69207413110501848],
[0.70851196620357038],
[0.52259798151930181],
[0.51352451768982388],
[0.32313094692628408],
[0.33258455128351139],
[0.6608084156159022],
[0.64953913819379239],
[0.69647141074040508],
[0.71057588466808141],
[0.298313267344505],
[0.30561434805555687],
[0.60103446634757063],
[0.58652673003144828],
[0.38237835582683455],
[0.37874429440970581],
[0.58516453988363692],
[0.586263177297619],
[0.37408688981869148],
[0.38352392510191313],
[0.37307678869700533],
[0.34796567076751234],
[0.64410929213948165],
[0.66485657859337854],
[0.31516392159211826],
[0.31663540770841714],
[0.46280579829773905],
[0.47413733976534078],
[0.52502093012035966],
[0.51442062368806662],
[0.74226505333516],
[0.71813048024189952],
[0.32071373328801228],
[0.35603710066201],
[0.40911466753993153],
[0.37325859602517697],
[0.3900600114149555],
[0.41763180320611726],
[0.61549102564800906],
[0.60893157255855779],
[0.57447503056480831],
[0.60513386944928382],
[0.41439145570060731],
[0.39135869245056404],
[0.70420592467289234],
[0.68757828883748917],
[0.6590544987801058],
[0.64911446827519],
[0.30189091725978884],
[0.30499029175667092],
[0.68685090094109569],
[0.68661852840764737],
[0.39523068942833717],
[0.42350148526665565],
[0.34460175527702991],
[0.320151824929982],
[0.35733119013537917],
[0.27790102145593781],
[0.53638386899217272],
[0.67109814852458971],
[0.35491495534064926],
[0.35089321435201876],
[0.57268585715040787],
[0.5564964867282296],
[0.34922969052032155],
[0.32750529341255286]]